  0.104500E+00  0.109000E+00  0.113500E+00  0.118000E+00  0.122500E+00  0.127000E+00  0.131500E+00  0.136000E+00  0.140500E+00  0.145000E+00
  0.149500E+00  0.154000E+00  0.158500E+00  0.163000E+00  0.167500E+00  0.172000E+00  0.176500E+00  0.181000E+00  0.185500E+00  0.190000E+00
  0.194500E+00  0.199000E+00  0.203500E+00  0.208000E+00  0.212500E+00  0.217000E+00  0.221500E+00  0.226000E+00  0.230500E+00  0.235000E+00
  0.239500E+00  0.244000E+00  0.248500E+00  0.253000E+00  0.257500E+00  0.262000E+00  0.266500E+00  0.271000E+00  0.275500E+00  0.280000E+00
  0.284500E+00  0.289000E+00  0.293500E+00  0.298000E+00  0.302500E+00  0.307000E+00  0.311500E+00  0.316000E+00  0.320500E+00  0.325000E+00
  0.329500E+00  0.334000E+00  0.338500E+00  0.343000E+00  0.347500E+00  0.352000E+00  0.356500E+00  0.361000E+00  0.365500E+00  0.370000E+00
  0.374500E+00  0.379000E+00  0.383500E+00  0.388000E+00  0.392500E+00  0.397000E+00  0.401500E+00  0.406000E+00  0.410500E+00  0.415000E+00
  0.419500E+00  0.424000E+00  0.428500E+00  0.433000E+00  0.437500E+00  0.442000E+00  0.446500E+00  0.451000E+00  0.455500E+00  0.460000E+00
  0.464500E+00  0.469000E+00  0.473500E+00  0.478000E+00  0.482500E+00  0.487000E+00  0.491500E+00  0.496000E+00  0.500500E+00  0.505000E+00
  0.509500E+00  0.514000E+00  0.518500E+00  0.523000E+00  0.527500E+00  0.532000E+00  0.536500E+00  0.541000E+00  0.545500E+00  0.550000E+00
  0.554500E+00  0.559000E+00  0.563500E+00  0.568000E+00  0.572500E+00  0.577000E+00  0.581500E+00  0.586000E+00  0.590500E+00  0.595000E+00
  0.599500E+00  0.604000E+00  0.608500E+00  0.613000E+00  0.617500E+00  0.622000E+00  0.626500E+00  0.631000E+00  0.635500E+00  0.640000E+00
  0.644500E+00  0.649000E+00  0.653500E+00  0.658000E+00  0.662500E+00  0.667000E+00  0.671500E+00  0.676000E+00  0.680500E+00  0.685000E+00
  0.689500E+00  0.694000E+00  0.698500E+00  0.703000E+00  0.707500E+00  0.712000E+00  0.716500E+00  0.721000E+00  0.725500E+00  0.730000E+00
  0.734500E+00  0.739000E+00  0.743500E+00  0.748000E+00  0.752500E+00  0.757000E+00  0.761500E+00  0.766000E+00  0.770500E+00  0.775000E+00
  0.779500E+00  0.784000E+00  0.788500E+00  0.793000E+00  0.797500E+00  0.802000E+00  0.806500E+00  0.811000E+00  0.815500E+00  0.820000E+00
  0.824500E+00  0.829000E+00  0.833500E+00  0.838000E+00  0.842500E+00  0.847000E+00  0.851500E+00  0.856000E+00  0.860500E+00  0.865000E+00
  0.869500E+00  0.874000E+00  0.878500E+00  0.883000E+00  0.887500E+00  0.892000E+00  0.896500E+00  0.901000E+00  0.905500E+00  0.910000E+00
  0.914500E+00  0.919000E+00  0.923500E+00  0.928000E+00  0.932500E+00  0.937000E+00  0.941500E+00  0.946000E+00  0.950500E+00  0.955000E+00
  0.959500E+00  0.964000E+00  0.968500E+00  0.973000E+00  0.977500E+00  0.982000E+00  0.986500E+00  0.991000E+00  0.995500E+00  0.100000E+01
