  4.
  9.99999975E-06  0.922529528  0.922529528  0.699257065  0.699257271
  0.685553463  0.702011159  0.563298348  0.707264428
  1.49999996E-05  0.92272369  0.92272369  0.711974925  0.711906015  0.697163112
  0.711644594  0.573748134  0.72096804
  1.99999995E-05  0.922898989  0.922898989  0.717445977  0.717346909
  0.701550131  0.719509974  0.581923437  0.729145247
  2.49999994E-05  0.923059384  0.923059384  0.718914434  0.71881062
  0.702032747  0.725503957  0.588430312  0.733004805
  2.99999992E-05  0.923208923  0.923208923  0.720517791  0.72041709
  0.702842321  0.730148828  0.594063554  0.73495327
  3.49999991E-05  0.923347149  0.923347149  0.724913432  0.724812358
  0.706683789  0.734176582  0.599409049  0.738662202
  3.9999999E-05  0.923479604  0.923479604  0.730759452  0.73066108  0.712171071
  0.737719174  0.604259678  0.743998694
  4.49999989E-05  0.92360463  0.92360463  0.735975834  0.735880953  0.717121703
  0.740868085  0.608398415  0.749161238
  4.99999987E-05  0.92372298  0.92372298  0.740053602  0.73994692  0.720936651
  0.743914551  0.612018646  0.753564442
  5.49999986E-05  0.923836657  0.923836657  0.742916979  0.742768614
  0.723481652  0.747058528  0.615265998  0.75705105
  5.99999985E-05  0.923949724  0.923949724  0.744965164  0.744776237
  0.725173039  0.749931439  0.617926624  0.759550158
  6.49999984E-05  0.924056402  0.924056402  0.746950359  0.74673572
  0.726824445  0.752682607  0.620570673  0.76195954
  6.99999982E-05  0.924160914  0.924160914  0.74905636  0.7488756  0.728708418
  0.754888697  0.62332469  0.764456901
  7.49999981E-05  0.92426038  0.92426038  0.751093363  0.750939955  0.730527523
  0.75704107  0.625788387  0.766888597
  7.9999998E-05  0.92435887  0.92435887  0.752869967  0.752725672  0.732089406
  0.758920162  0.627360073  0.769029128
  8.49999979E-05  0.9244519  0.9244519  0.754661395  0.754523788  0.73366987
  0.760825546  0.628940955  0.77116954
  8.99999977E-05  0.924547096  0.924547096  0.756267406  0.756101054
  0.735078288  0.762416653  0.630191326  0.772716125
  9.49999976E-05  0.924637134  0.924637134  0.757895734  0.757700242
  0.736511582  0.764045115  0.631465072  0.774286887
  9.99999975E-05  0.924726613  0.924726613  0.759584859  0.759382895
  0.738071192  0.765586443  0.633461836  0.775921008
  0.000149999996  0.925535038  0.925535038  0.771781243  0.77160562
  0.749014071  0.778775492  0.653866342  0.789633153
  0.000199999995  0.926236444  0.926236444  0.776432674  0.776134764
  0.751850923  0.78826514  0.664406649  0.79655664
  0.000249999994  0.926869785  0.926869785  0.781276484  0.78091035
  0.755501737  0.79554896  0.674116385  0.801973421
  0.000299999992  0.927449197  0.927449197  0.786178085  0.785777795
  0.759576456  0.801684286  0.683468547  0.807525648
  0.000349999991  0.927994274  0.927994274  0.789514978  0.789064169
  0.762042967  0.807036051  0.690686914  0.81189701
  0.00039999999  0.928505935  0.928505935  0.792313897  0.791815947
  0.764024427  0.811860607  0.696031177  0.815790962
  0.000449999989  0.928990558  0.928990558  0.795522236  0.795011868
  0.766641726  0.816055672  0.699861534  0.820527918
  0.000499999987  0.929459745  0.929459745  0.796987739  0.796488508
  0.767426478  0.819677904  0.703651836  0.823496157
  0.000549999986  0.929905712  0.929905712  0.797301019  0.79680537
  0.766967927  0.823051454  0.707939818  0.82439117
  0.000599999985  0.930327409  0.930327409  0.796752289  0.796251266
  0.765561295  0.826264103  0.712692182  0.823587762
  0.000649999984  0.930749372  0.930749372  0.799299722  0.798749279
  0.767735914  0.829033531  0.71667128  0.826307929
  0.000699999982  0.931145611  0.931145611  0.801867976  0.801273149
  0.769960092  0.831826738  0.720530652  0.829023137
  0.000749999981  0.931541024  0.931541024  0.803696833  0.803098788
  0.771434877  0.834353233  0.723366268  0.830714877
  0.00079999998  0.931912896  0.931912896  0.805637634  0.805036264
  0.773044932  0.836950382  0.726308055  0.832586108
  0.000849999979  0.93229007  0.93229007  0.808553536  0.807948271  0.775874917
  0.839180256  0.729537093  0.836192856
  0.000899999977  0.932645099  0.932645099  0.811509005  0.810899795
  0.778763485  0.841479506  0.732838606  0.839861045
  0.000949999976  0.933001019  0.933001019  0.81294265  0.812296298
  0.779915474  0.843549091  0.735344639  0.841830278
  0.00100000005  0.933348088  0.933348088  0.813647306  0.812947463  0.78022753
  0.845533704  0.737486009  0.842985802
  0.00150000007  0.93646585  0.93646585  0.821683356  0.820701701  0.785431309
  0.862514025  0.755892516  0.853459761
  0.00200000009  0.939167813  0.939167813  0.830323584  0.829317827
  0.792488944  0.874760738  0.770724974  0.864213673
  0.00250000012  0.941589036  0.941589036  0.834365849  0.833274238  0.79466712
  0.884582019  0.782586807  0.870283411
  0.00300000014  0.943829859  0.943829859  0.837040229  0.835852135
  0.795752717  0.89261309  0.792376738  0.873233932
  0.00350000017  0.945910674  0.945910674  0.842074076  0.840870453
  0.800109109  0.899344443  0.80125241  0.878137687
  0.00400000019  0.947869813  0.947869813  0.847541857  0.846324875
  0.805247694  0.905100952  0.809265553  0.884183777
  0.00450000021  0.949728895  0.949728895  0.851457045  0.850168772
  0.808626241  0.910294584  0.816368427  0.888742482
  0.00500000024  0.951495736  0.951495736  0.85403628  0.852642364  0.810457701
  0.915218551  0.822702519  0.89168304
  0.00550000026  0.953209221  0.953209221  0.856574745  0.855120419
  0.812383859  0.919902029  0.828128055  0.894703774
  0.00600000028  0.954863045  0.954863045  0.85906542  0.85755948  0.814365319
  0.924344097  0.832979653  0.897825149
  0.00650000031  0.956420252  0.956420252  0.861561558  0.860007729
  0.816412014  0.928799852  0.837643451  0.901035878
  0.00700000033  0.958001384  0.958001384  0.863481668  0.861898956  0.81788528
  0.932608649  0.841777793  0.90347359
  0.00750000036  0.959468611  0.959468611  0.865426497  0.863815557
  0.819398276  0.93659086  0.846015036  0.905953202
  0.00800000038  0.960968291  0.960968291  0.867685507  0.866084025
  0.821480448  0.939935428  0.848790389  0.909795394
  0.0085000004  0.962368485  0.962368485  0.869987506  0.868395662  0.82362724
  0.94345891  0.851663846  0.913701475
  0.00900000043  0.96379178  0.96379178  0.870314901  0.868696142  0.82321292
  0.946604262  0.854358846  0.915252514
  0.00950000045  0.965164597  0.965164597  0.870022308  0.868364766
  0.821968126  0.949725279  0.857053895  0.916078918
  0.00999999978  0.966482403  0.966482403  0.869633894  0.867936452
  0.820593885  0.952939484  0.859856176  0.916652757
  0.0149999997  0.978818571  0.978818571  0.876515939  0.874685453  0.823192925
  0.985515878  0.886707694  0.922201782
  0.0199999996  0.989849994  0.989849994  0.902368006  0.90086777  0.853558229
  1.01764871  0.905989386  0.947801768
  0.0249999994  1.00014773  1.00014773  0.916420128  0.915234426  0.869592532
  1.04595676  0.920401347  0.964520442
  0.0299999993  1.00904843  1.00904843  0.923839185  0.922939489  0.877778391
  1.07059907  0.93373788  0.971633808
  0.0349999992  1.01696718  1.01696718  0.93261385  0.932022843  0.888769335
  1.08929284  0.959497678  0.977181636
  0.0399999991  1.02391133  1.02391133  0.942657037  0.942354842  0.902352391
  1.10150768  0.984082392  0.983922998
  0.044999999  1.02989121  1.02989121  0.951215578  0.951127165  0.91470169
  1.10826943  1.00621442  0.989322765
  0.0499999989  1.03496304  1.03496304  0.958864553  0.958960829  0.926423095
  1.11100563  1.02641253  0.99395206
  0.0549999988  1.03921361  1.03921361  0.966060784  0.966317847  0.937983697
  1.11074665  1.04532615  0.998198424
  0.0599999987  1.0426697  1.0426697  0.972798719  0.973183279  0.949314012
  1.10716958  1.06245188  1.00217118
  0.0649999985  1.04532449  1.04532449  0.978543243  0.978951814  0.959419634
  1.10023714  1.07713611  1.00563089
  0.0699999984  1.04761534  1.04761534  0.984208645  0.984603509  0.969647546
  1.09135117  1.09166929  1.00894009
  0.0749999983  1.04882551  1.04882551  0.988335852  0.9886403  0.977360612
  1.0793204  1.10256867  1.01100763
  0.0799999982  1.04986902  1.04986902  0.992576516  0.992775321  0.985392153
  1.06555084  1.11380762  1.01296453
  0.0849999981  1.05110342  1.05110342  0.995211039  0.99532361  0.990507553
  1.05168581  1.12176742  1.01497092
  0.089999998  1.05234157  1.05234157  0.997506631  0.997534038  0.995041198
  1.03667126  1.12914936  1.01700441
  0.0949999979  1.05316413  1.05316413  0.999200679  0.999172607  0.998407269
  1.0231013  1.1352851  1.01863028
  0.100000001  1.05330341  1.05330341  0.999508026  0.999490741  0.999016901
  1.01442201  1.13839019  1.01947323
  0.150000002  1.04576554  1.04576554  1.  1.  1.  1.  1.11884102  1.0272884
  0.200000003  1.03535948  1.03535948  1.  1.  1.  1.  1.02305122  1.03122681
  0.250000004  1.02269123  1.02269123  1.  1.  1.  1.  1.  1.02622074
  0.300000004  1.00595856  1.00595856  1.  1.  1.  1.  1.  1.01472249
  0.350000005  0.986529915  0.986529915  1.  1.  1.  1.  1.  0.998213027
  0.400000006  0.96577132  0.96577132  1.  1.  1.  1.  1.  0.978362257
  0.450000007  0.944985208  0.944985208  1.  1.  1.  1.  1.  0.957034732
  0.500000007  0.924923069  0.924923069  1.  1.  1.  1.  1.  0.935407859
  0.550000008  0.906526265  0.906526265  1.  1.  1.  1.  1.  0.914566958
  0.600000009  0.891471734  0.891471734  1.  1.  1.  1.  1.  0.896750389
  0.65000001  0.880041617  0.880041617  1.  1.  1.  1.  1.  0.88195499
  0.70000001  0.873744171  0.873744171  1.  1.  1.  1.  1.  0.871460409
  0.750000011  0.875579403  0.875579403  1.  1.  1.  1.  1.  0.862575353
  0.800000012  0.922616196  0.922616196  1.  1.  1.  1.  1.  0.899613659
  0.850000013  1.02716587  1.02716587  1.  1.  1.  1.  1.  1.00331811
  0.900000013  1.18992806  1.18992806  1.  1.  1.  1.  1.  1.17281085
  0.950000014  1.41749888  1.41749888  1.  1.  1.  1.  1.  1.41234891
  16.
  9.99999975E-06  0.924974438  0.924974438  0.729634761  0.72962616
  0.724771494  0.735002278  0.710135345  0.740559295
  1.49999996E-05  0.925463966  0.925463966  0.739584774  0.739549577
  0.734112283  0.744513418  0.718693895  0.750717624
  1.99999995E-05  0.925871163  0.925871163  0.745496423  0.745449483  0.7395576
  0.751740654  0.725260998  0.757488906
  2.49999994E-05  0.926224615  0.926224615  0.749382381  0.749332491
  0.743085042  0.757421709  0.730560026  0.762130511
  2.99999992E-05  0.926537556  0.926537556  0.752951955  0.752901219
  0.746343451  0.76202961  0.734948188  0.765834874
  3.49999991E-05  0.926821704  0.926821704  0.757119567  0.757066897
  0.750244033  0.766031502  0.738881398  0.769812421
  3.9999999E-05  0.92708311  0.92708311  0.761309771  0.761255573  0.754195635
  0.769508786  0.742257209  0.773799445
  4.49999989E-05  0.9273262  0.9273262  0.764966999  0.764910021  0.757652759
  0.772620578  0.745228792  0.777392416
  4.99999987E-05  0.927553803  0.927553803  0.768051346  0.767986363
  0.760560435  0.775521351  0.747934941  0.780549722
  5.49999986E-05  0.927768396  0.927768396  0.770576707  0.770495176
  0.762912761  0.778262247  0.750390206  0.783252323
  5.99999985E-05  0.927974119  0.927974119  0.772659826  0.772565799
  0.764825559  0.780678838  0.752507691  0.785471391
  6.49999984E-05  0.928167081  0.928167081  0.77469553  0.774593801
  0.766700867  0.78303343  0.754587756  0.787635346
  6.99999982E-05  0.928355013  0.928355013  0.776621215  0.776529508
  0.768504281  0.785073238  0.756494912  0.789653665
  7.49999981E-05  0.92853273  0.92853273  0.778506087  0.778421835  0.770269061
  0.787081148  0.75833802  0.791626771
  7.9999998E-05  0.928705902  0.928705902  0.780177441  0.780093372  0.77182343
  0.788865889  0.75988734  0.793355588
  8.49999979E-05  0.928869199  0.928869199  0.781876893  0.781792347
  0.773407617  0.790689261  0.761474186  0.795114237
  8.99999977E-05  0.929032203  0.929032203  0.783367657  0.783273395
  0.774793883  0.792248333  0.762908666  0.796592603
  9.49999976E-05  0.929186443  0.929186443  0.784894024  0.784789817
  0.776216672  0.793854366  0.764385067  0.798110112
  9.99999975E-05  0.929338016  0.929338016  0.78635578  0.786248693
  0.777593942  0.795353023  0.76588869  0.799579883
  0.000149999996  0.930659722  0.930659722  0.797073344  0.796955353
  0.787506879  0.807455917  0.778224481  0.811088485
  0.000199999995  0.931752269  0.931752269  0.803199282  0.803018616
  0.792825905  0.816177251  0.786344296  0.818134288
  0.000249999994  0.932705223  0.932705223  0.808526707  0.808308898
  0.797582514  0.823028779  0.793211444  0.823912738
  0.000299999992  0.933550779  0.933550779  0.813155221  0.812912377
  0.801734053  0.82876192  0.799058886  0.82898891
  0.000349999991  0.934330108  0.934330108  0.816700666  0.816428758
  0.804846225  0.833622223  0.803780191  0.833076388
  0.00039999999  0.93504778  0.93504778  0.819764442  0.819467777  0.807511592
  0.837953474  0.807718274  0.836663562
  0.000449999989  0.935716334  0.935716334  0.822629397  0.822322227
  0.810034145  0.841794054  0.811102299  0.84010048
  0.000499999987  0.936353852  0.936353852  0.824617531  0.824307223
  0.811718437  0.845200556  0.814321116  0.842677871
  0.000549999986  0.936953269  0.936953269  0.82616609  0.825848197
  0.812967935  0.848368165  0.817447147  0.844606703
  0.000599999985  0.937515902  0.937515902  0.82740706  0.827076771
  0.813907519  0.851379872  0.82052556  0.846033982
  0.000649999984  0.938067973  0.938067973  0.82961434  0.829258111
  0.815880593  0.853956706  0.823105966  0.848349896
  0.000699999982  0.938585452  0.938585452  0.831848572  0.83146803
  0.817894095  0.856565308  0.825694741  0.850696834
  0.000749999981  0.939096361  0.939096361  0.833687337  0.833298455
  0.819544442  0.858865301  0.827897058  0.852619497
  0.00079999998  0.939576201  0.939576201  0.83558439  0.835186687  0.821259091
  0.861235282  0.830163331  0.85462275
  0.000849999979  0.940053055  0.940053055  0.837532347  0.837122796
  0.823048771  0.86323029  0.832134473  0.856810107
  0.000899999977  0.940502342  0.940502342  0.839530663  0.839108958
  0.824895032  0.865303531  0.834176943  0.859062534
  0.000949999976  0.940947562  0.940947562  0.840842158  0.840396532
  0.826035018  0.86717632  0.835937628  0.860620156
  0.00100000005  0.941379618  0.941379618  0.841829296  0.841353685
  0.826839139  0.868979121  0.837583854  0.861852577
  0.00150000007  0.945170288  0.945170288  0.85110802  0.850467566  0.834686754
  0.884050012  0.85148201  0.872677968
  0.00200000009  0.948336778  0.948336778  0.858828618  0.858144096  0.8414017
  0.895110872  0.8621342  0.88163441
  0.00250000012  0.951102144  0.951102144  0.863511107  0.862754163
  0.845138151  0.90401297  0.870700345  0.887503297
  0.00300000014  0.953606871  0.953606871  0.867329016  0.866505996
  0.848214423  0.911309763  0.877814058  0.891832092
  0.00350000017  0.955895863  0.955895863  0.871915743  0.871064026
  0.852305838  0.917583129  0.884097054  0.896670595
  0.00400000019  0.958025065  0.958025065  0.876281464  0.875397755
  0.856283811  0.923073063  0.88967005  0.901474316
  0.00450000021  0.960019973  0.960019973  0.879628744  0.878687126
  0.859202365  0.928024834  0.894589382  0.905319789
  0.00500000024  0.961895447  0.961895447  0.88220658  0.881194864  0.861315757
  0.9326549  0.899034473  0.908346002
  0.00550000026  0.963698131  0.963698131  0.884631566  0.883575149  0.86335346
  0.936886898  0.902945907  0.911237915
  0.00600000028  0.965423879  0.965423879  0.886905365  0.885811027
  0.865279717  0.940844992  0.906504499  0.914010099
  0.00650000031  0.967045337  0.967045337  0.889146446  0.888016878
  0.867198528  0.944798152  0.909986206  0.916776104
  0.00700000033  0.968661416  0.968661416  0.89092137  0.889769739  0.86865835
  0.948171474  0.912893146  0.919023853
  0.00750000036  0.970164961  0.970164961  0.892740421  0.891566627
  0.870171544  0.9517373  0.915933065  0.921333508
  0.00800000038  0.971682349  0.971682349  0.894403305  0.893223908  0.87160026
  0.954787289  0.91836416  0.9237559
  0.0085000004  0.973103284  0.973103284  0.896119351  0.89493417  0.873091517
  0.958023677  0.920920345  0.926252826
  0.00900000043  0.974527523  0.974527523  0.896799659  0.895592222
  0.873399051  0.960941882  0.923280832  0.927606372
  0.00950000045  0.975898265  0.975898265  0.897159813  0.895924408
  0.873327809  0.963857199  0.925646743  0.928617017
  0.00999999978  0.977212502  0.977212502  0.89750279  0.89623944  0.873233884
  0.966840591  0.928058574  0.929555109
  0.0149999997  0.989191765  0.989191765  0.908784773  0.907471693  0.88280702
  0.99357173  0.948458666  0.941230299
  0.0199999996  0.999478303  0.999478303  0.92918977  0.928120971  0.904825231
  1.01737016  0.963926072  0.961149497
  0.0249999994  1.00863342  1.00863342  0.941154809  0.940322842  0.917933085
  1.03795723  0.977250033  0.974067026
  0.0299999993  1.01638159  1.01638159  0.949265983  0.948659398  0.927188694
  1.05620603  0.991369833  0.982112937
  0.0349999992  1.02308816  1.02308816  0.957887899  0.957515728  0.937711965
  1.07039191  1.00882558  0.989442514
  0.0399999991  1.02881073  1.02881073  0.966598426  0.966436493  0.948900397
  1.08019213  1.02459249  0.996612028
  0.044999999  1.0336019  1.0336019  0.973890575  0.9738854  0.958818922
  1.08631409  1.03836802  1.00243115
  0.0499999989  1.03755096  1.03755096  0.980268151  0.98039277  0.967957802
  1.08971762  1.05060554  1.00737436
  0.0549999988  1.0407945  1.0407945  0.986113239  0.986343808  0.976699169
  1.0911086  1.06182209  1.01176121
  0.0599999987  1.04335859  1.04335859  0.991329722  0.991632346  0.98484022
  1.09018337  1.0715751  1.01558701
  0.0649999985  1.04522887  1.04522887  0.995530568  0.995834444  0.991677929
  1.08707393  1.07945021  1.01864558
  0.0699999984  1.04681535  1.04681535  0.999602  0.999879801  0.998490291
  1.08275278  1.08714471  1.02148922
  0.0749999983  1.0476335  1.0476335  1.00221215  1.00242128  1.00303319
  1.0766256  1.09216381  1.02322289
  0.0799999982  1.04834227  1.04834227  1.00487205  1.00500161  1.00774118
  1.06949257  1.09733583  1.02487651
  0.0849999981  1.04899075  1.04899075  1.00620481  1.00627668  1.01020841
  1.06230853  1.10026819  1.02615474
  0.089999998  1.0496061  1.0496061  1.00721462  1.00723179  1.01214974
  1.05445452  1.10270115  1.02734861
  0.0949999979  1.04990304  1.04990304  1.0077989  1.00778003  1.01333294
  1.04702314  1.10435751  1.02823214
  0.100000001  1.04964978  1.04964978  1.00742153  1.00740985  1.01275228
  1.04163317  1.10417931  1.0285
  0.150000002  1.04078651  1.04078651  1.0020743  1.0020743  1.00366391
  1.01080078  1.069854  1.02865736
  0.200000003  1.02953791  1.02953791  0.999817058  0.999817058  0.999671753
  0.998989862  1.00922557  1.02599859
  0.250000004  1.01587706  1.01587706  0.999662638  0.999662638  0.999398979
  0.998121691  0.996431732  1.01848425
  0.300000004  0.99863865  0.99863865  0.999622281  0.999622281  0.99933575
  0.997937932  0.994832023  1.00553317
  0.350000005  0.979323632  0.979323632  0.99958977  0.99958977  0.999292758
  0.997855966  0.993392739  0.988556963
  0.400000006  0.959118301  0.959118301  0.999562772  0.999562772  0.999266028
  0.997856285  0.992125869  0.969091186
  0.450000007  0.939153129  0.939153129  0.999542644  0.999542644  0.999257441
  0.997937822  0.991103543  0.94871391
  0.500000007  0.920130182  0.920130182  0.999535051  0.999535051  0.999274037
  0.998109712  0.99040206  0.928450494
  0.550000008  0.903031412  0.903031412  0.99954775  0.99954775  0.999322852
  0.998380007  0.990113918  0.909414762
  0.600000009  0.88941489  0.88941489  0.999587092  0.999587092  0.999403611
  0.99872984  0.990327714  0.893495446
  0.65000001  0.879736366  0.879736366  0.999671229  0.999671229  0.999536624
  0.999195841  0.991126264  0.880971033
  0.70000001  0.875861817  0.875861817  0.999930887  0.999930887  0.999906409
  0.999890215  0.992757044  0.873234191
  0.750000011  0.883378168  0.883378168  1.00067658  1.00067658  1.00067661
  1.00067661  0.995762152  0.872187931
  0.800000012  0.935440417  0.935440417  1.00111835  1.00111835  1.00111836
  1.00111836  1.00037914  0.916936603
  0.850000013  1.04053565  1.04053565  1.00069202  1.00069202  1.00069202
  1.00069202  1.00571936  1.02151145
  0.900000013  1.19994084  1.19994084  0.996485748  0.996485748  0.996485756
  0.996485756  1.01090543  1.18609304
  0.950000014  1.42086525  1.42086525  0.973811636  0.973811636  0.973811709
  0.973811709  1.01448862  1.41645226
  64.
  9.99999975E-06  0.926931218  0.926931218  0.762105593  0.762097233
  0.759838562  0.767732964  0.770398659  0.772530573
  1.49999996E-05  0.927634701  0.927634701  0.770539109  0.770516435
  0.767935014  0.776317888  0.778278261  0.781075302
  1.99999995E-05  0.928205905  0.928205905  0.776045246  0.776016048
  0.773192201  0.782744248  0.784150389  0.787009216
  2.49999994E-05  0.928693637  0.928693637  0.780103929  0.780072433
  0.777061279  0.787821031  0.788831039  0.791434767
  2.99999992E-05  0.929120872  0.929120872  0.783709654  0.783676668
  0.780496979  0.791978162  0.792707701  0.795114936
  3.49999991E-05  0.929505363  0.929505363  0.787353303  0.787318272
  0.783984958  0.795584468  0.796087534  0.798667449
  3.9999999E-05  0.929855953  0.929855953  0.79074739  0.790710251  0.787235226
  0.798721405  0.799004993  0.801951953
  4.49999989E-05  0.930180036  0.930180036  0.793708152  0.793667904
  0.790073056  0.801529699  0.801589334  0.804871472
  4.99999987E-05  0.93048173  0.93048173  0.796284944  0.796239219  0.792541627
  0.804127894  0.803947508  0.807477171
  5.49999986E-05  0.930764402  0.930764402  0.798503208  0.798448628
  0.794657323  0.806545179  0.806099391  0.80977729
  5.99999985E-05  0.93103343  0.93103343  0.800393437  0.800333014  0.796450587
  0.808666548  0.807978799  0.81173277
  6.49999984E-05  0.931285238  0.931285238  0.802247657  0.802183555
  0.798212928  0.810745361  0.809827403  0.813649729
  6.99999982E-05  0.931529053  0.931529053  0.80394681  0.803886511
  0.799837815  0.812567462  0.811474491  0.815388225
  7.49999981E-05  0.931759182  0.931759182  0.80561747  0.805559671
  0.801435587  0.814366734  0.813095495  0.817097762
  7.9999998E-05  0.931982292  0.931982292  0.807098684  0.807039681
  0.802846439  0.815965665  0.814517728  0.818603441
  8.49999979E-05  0.932192621  0.932192621  0.808612265  0.808551769
  0.804290533  0.81760576  0.815980638  0.820144873
  8.99999977E-05  0.932400955  0.932400955  0.80991714  0.809851697
  0.805532862  0.819001343  0.817262015  0.821455258
  9.49999976E-05  0.932598153  0.932598153  0.811260803  0.811190273
  0.806814357  0.820444766  0.81858853  0.822807912
  9.99999975E-05  0.932790849  0.932790849  0.812521703  0.812449175
  0.808021215  0.821787653  0.819852339  0.824086582
  0.000149999996  0.934450206  0.934450206  0.821953422  0.821864294
  0.81694463  0.83259128  0.829958523  0.834042908
  0.000199999995  0.935795629  0.935795629  0.827937692  0.827808013
  0.82246552  0.840408126  0.837028002  0.840607616
  0.000249999994  0.936951834  0.936951834  0.832913077  0.832757901
  0.827100635  0.846572654  0.842777222  0.84593715
  0.000299999992  0.937966884  0.937966884  0.837114569  0.836939974
  0.831008343  0.851757662  0.847616194  0.850475764
  0.000349999991  0.938892384  0.938892384  0.840450764  0.84025582  0.83408591
  0.856139241  0.851587715  0.854182631
  0.00039999999  0.939737901  0.939737901  0.843355406  0.843143466
  0.836755106  0.860043874  0.855035635  0.857441513
  0.000449999989  0.940520805  0.940520805  0.845958643  0.845737221
  0.839152001  0.863517987  0.858094084  0.860399059
  0.000499999987  0.941260816  0.941260816  0.847983675  0.847755764
  0.841002947  0.866602015  0.860889648  0.862792426
  0.000549999986  0.941953427  0.941953427  0.849755997  0.849518823
  0.842609388  0.869475357  0.863534432  0.864853133
  0.000599999985  0.942601712  0.942601712  0.851364095  0.85111473
  0.844055093  0.872214937  0.866087231  0.866675449
  0.000649999984  0.943232353  0.943232353  0.853313691  0.853046645
  0.845855622  0.874554552  0.868238854  0.868724865
  0.000699999982  0.943822876  0.943822876  0.855290425  0.855006306
  0.847690655  0.876931283  0.870417709  0.870808348
  0.000749999981  0.94440142  0.94440142  0.856960344  0.856667249  0.84923967
  0.879008292  0.872288459  0.872582336
  0.00079999998  0.944944733  0.944944733  0.858679629  0.858377051
  0.850841451  0.881157469  0.874224072  0.874419481
  0.000849999979  0.945480599  0.945480599  0.860245426  0.859931055
  0.852293816  0.882963122  0.87585746  0.876129794
  0.000899999977  0.945985888  0.945985888  0.861863547  0.861536989
  0.853801662  0.884848597  0.877562844  0.877903986
  0.000949999976  0.946483543  0.946483543  0.86306699  0.862722952
  0.854898104  0.886549238  0.879071999  0.879278833
  0.00100000005  0.946965293  0.946965293  0.864080342  0.86371595  0.855805446
  0.888187155  0.880508901  0.880474576
  0.00150000007  0.951139182  0.951139182  0.873102774  0.872621069
  0.863960172  0.901818431  0.892507238  0.890749877
  0.00200000009  0.954560109  0.954560109  0.880069226  0.879540997
  0.870277571  0.911883439  0.901529664  0.898695018
  0.00250000012  0.957508323  0.957508323  0.884735166  0.884145355
  0.874383723  0.920010606  0.908808232  0.904305929
  0.00300000014  0.960147081  0.960147081  0.888662185  0.888019743
  0.877872491  0.926682694  0.914819384  0.908784106
  0.00350000017  0.962538623  0.962538623  0.892797128  0.892123447
  0.881668492  0.932467543  0.920088284  0.913265066
  0.00400000019  0.964746369  0.964746369  0.896546212  0.895837979
  0.885128083  0.937564165  0.924724978  0.917420242
  0.00450000021  0.966801118  0.966801118  0.899533366  0.898776796
  0.887820273  0.942172381  0.928841452  0.920862392
  0.00500000024  0.968722593  0.968722593  0.901984737  0.901175013
  0.889974863  0.946478874  0.932601491  0.923765179
  0.00550000026  0.970557888  0.970557888  0.904242148  0.903396413  0.89197942
  0.950379683  0.935916685  0.926460064
  0.00600000028  0.972305738  0.972305738  0.906328225  0.905451935
  0.893834047  0.954022271  0.938952988  0.92898629
  0.00650000031  0.973946193  0.973946193  0.908377349  0.907472559
  0.895667191  0.957667619  0.941950539  0.931488914
  0.00700000033  0.975564591  0.975564591  0.910017912  0.909094565
  0.897098829  0.960775368  0.944453288  0.933551838
  0.00750000036  0.977073482  0.977073482  0.911714711  0.910772426
  0.898595291  0.964081996  0.947101245  0.93569094
  0.00800000038  0.978581621  0.978581621  0.913146844  0.912195241
  0.899857695  0.966900848  0.949292212  0.937650058
  0.0085000004  0.979997249  0.979997249  0.914637632  0.913676332  0.901185938
  0.969908486  0.951618571  0.939688572
  0.00900000043  0.981403229  0.981403229  0.915474232  0.914494775  0.90180811
  0.972608549  0.953722466  0.941031529
  0.00950000045  0.982754863  0.982754863  0.916117795  0.915117  0.902215771
  0.975309146  0.955826316  0.942179008
  0.00999999978  0.984050258  0.984050258  0.916772725  0.915750954
  0.902635961  0.978074216  0.957970486  0.9433095
  0.0149999997  0.995648199  0.995648199  0.929148878  0.928113817  0.914159137
  1.0019531  0.975477244  0.956493772
  0.0199999996  1.00533035  1.00533035  0.946390331  0.945554391  0.932268348
  1.02242829  0.98909808  0.973302541
  0.0249999994  1.01367279  1.01367279  0.956974463  0.956333658  0.943764094
  1.03971603  1.00111828  0.984498652
  0.0299999993  1.02062276  1.02062276  0.964847795  0.964396574  0.952771012
  1.05476949  1.01354487  0.992490911
  0.0349999992  1.0265134  1.0265134  0.972785757  0.972526257  0.962309716
  1.06628611  1.02668381  0.999719846
  0.0399999991  1.03143144  1.03143144  0.980332775  0.980240295  0.97177363
  1.07413914  1.03808284  1.00627076
  0.044999999  1.0354543  1.0354543  0.986547378  0.986578825  0.979992864
  1.07895119  1.0477252  1.01151367
  0.0499999989  1.03869308  1.03869308  0.991880702  0.992010932  0.987395886
  1.08153062  1.0560319  1.01587344
  0.0549999988  1.04130349  1.04130349  0.996669749  0.996876431  0.994320563
  1.08245702  1.06343974  1.01964327
  0.0599999987  1.04330874  1.04330874  1.00078667  1.00103829  1.00052863
  1.08148178  1.06957855  1.02277829
  0.0649999985  1.04469939  1.04469939  1.00394081  1.00418449  1.00549213
  1.07882073  1.07419449  1.02513134
  0.0699999984  1.04585479  1.04585479  1.0069392  1.00715346  1.01035348
  1.07516665  1.07857549  1.02726598
  0.0749999983  1.04638438  1.04638438  1.0086207  1.00877943  1.0132254
  1.07028588  1.08091067  1.02842936
  0.0799999982  1.04683412  1.04683412  1.0103055  1.0104002  1.01616471
  1.06457794  1.08325243  1.02952522
  0.0849999981  1.04712316  1.04712316  1.01089546  1.01094714  1.01732112
  1.0589535  1.08399266  1.03018611
  0.089999998  1.0473648  1.0473648  1.01118425  1.01119639  1.01799993
  1.05280687  1.08427852  1.03073895
  0.0949999979  1.04734687  1.04734687  1.01114781  1.0111337  1.01812146
  1.04685594  1.08399803  1.03105446
  0.100000001  1.04686511  1.04686511  1.01041277  1.010404  1.01700654
  1.0423119  1.08251376  1.03089657
  0.150000002  1.03712442  1.03712442  1.00249166  1.00249166  1.00419148
  1.01019812  1.04592038  1.02722075
  0.200000003  1.02524527  1.02524527  0.999450958  0.999450958  0.999062724
  0.997616577  1.00248893  1.02207449
  0.250000004  1.01093147  1.01093147  0.999160275  0.999160275  0.998570904
  0.996295251  0.993084679  1.01320731
  0.300000004  0.993398737  0.993398737  0.999033891  0.999033891  0.998374523
  0.995790516  0.990255084  0.999410219
  0.350000005  0.974222843  0.974222843  0.998930006  0.998930006  0.998232961
  0.995499875  0.987690207  0.98220842
  0.400000006  0.954452354  0.954452354  0.998841416  0.998841416  0.998134573
  0.995385201  0.985393328  0.963029748
  0.450000007  0.935105608  0.935105608  0.998772511  0.998772511  0.998085549
  0.995455182  0.98349511  0.943287249
  0.500000007  0.916858541  0.916858541  0.998736985  0.998736985  0.998101975
  0.995733922  0.982143011  0.923934312
  0.550000008  0.900720422  0.900720422  0.998752468  0.998752468  0.998197929
  0.9962402  0.981535757  0.906107014
  0.600000009  0.888194105  0.888194105  0.998837283  0.998837283  0.998377313
  0.996953746  0.981865858  0.891538816
  0.65000001  0.879858341  0.879858341  0.999033221  0.999033221  0.998688193
  0.997955432  0.983353442  0.880662175
  0.70000001  0.877925147  0.877925147  0.999604548  0.999604548  0.999494746
  0.999431175  0.98657666  0.875171226
  0.750000011  0.889534215  0.889534215  1.00123399  1.00123399  1.00123404
  1.00123404  0.992710443  0.879602217
  0.800000012  0.944884336  0.944884336  1.00255507  1.00255507  1.00255508
  1.00255508  1.00214607  0.929184695
  0.850000013  1.05015645  1.05015645  1.00244567  1.00244567  1.00244567
  1.00244567  1.01337737  1.03413574
  0.900000013  1.20709795  1.20709795  0.996663069  0.996663069  0.996663074
  0.996663074  1.02501671  1.19534735
  0.950000014  1.42330787  1.42330787  0.948010007  0.948010007  0.948010171
  0.948010171  1.03409731  1.41943791
  256.
  9.99999975E-06  0.928580233  0.928580233  0.786952951  0.786945612
  0.785703456  0.791967855  0.80611022  0.795501046
  1.49999996E-05  0.929451214  0.929451214  0.794505564  0.79448908  0.79305043
  0.799850178  0.813466512  0.803157159
  1.99999995E-05  0.930149187  0.930149187  0.799644668  0.799623843
  0.798038938  0.805706362  0.818881763  0.808571101
  2.49999994E-05  0.930739847  0.930739847  0.803580159  0.803557391
  0.801858366  0.810338708  0.823174449  0.812731555
  2.99999992E-05  0.931254639  0.931254639  0.807013147  0.806988809
  0.805185226  0.81414817  0.826723536  0.816219204
  3.49999991E-05  0.931715392  0.931715392  0.810278447  0.810252185
  0.808350759  0.817448864  0.82979064  0.819439713
  3.9999999E-05  0.932133792  0.932133792  0.813226097  0.813197753  0.81120601
  0.820324043  0.832447694  0.822331205
  4.49999989E-05  0.932519135  0.932519135  0.815803363  0.815772234
  0.813703756  0.82289689  0.834805598  0.824892805
  4.99999987E-05  0.932876563  0.932876563  0.818082571  0.818047424
  0.815912748  0.825269326  0.836958622  0.827197223
  5.49999986E-05  0.933210367  0.933210367  0.820090634  0.820049892
  0.81785498  0.827464458  0.838928497  0.829260851
  5.99999985E-05  0.93352705  0.93352705  0.821822504  0.821778296  0.819525724
  0.829388156  0.840651144  0.83103889
  6.49999984E-05  0.933823086  0.933823086  0.82352518  0.823478665
  0.821170291  0.831279278  0.842349192  0.832787061
  6.99999982E-05  0.934108558  0.934108558  0.825060443  0.825015429
  0.822657051  0.832940407  0.843847446  0.834351839
  7.49999981E-05  0.934377741  0.934377741  0.826574299  0.826530011
  0.824123381  0.834584372  0.845331008  0.835896232
  7.9999998E-05  0.934638003  0.934638003  0.827914138  0.827868413
  0.825417566  0.836043208  0.846641949  0.837258998
  8.49999979E-05  0.934883349  0.934883349  0.829288241  0.829240918
  0.826746578  0.837544209  0.847994897  0.838659428
  8.99999977E-05  0.93512528  0.93512528  0.83045938  0.830408909  0.827877117
  0.838815257  0.849153821  0.83984694
  9.49999976E-05  0.935354334  0.935354334  0.831670194  0.831616473
  0.829047577  0.84013397  0.85035878  0.841077333
  9.99999975E-05  0.935577407  0.935577407  0.832796852  0.832741489
  0.830138063  0.841358962  0.851485504  0.842228102
  0.000149999996  0.937484723  0.937484723  0.841350702  0.841278464
  0.838353494  0.851220026  0.860477705  0.851217904
  0.000199999995  0.939013694  0.939013694  0.847032003  0.846930112
  0.84373854  0.858373647  0.866892875  0.857352925
  0.000249999994  0.940315771  0.940315771  0.851656694  0.851535195
  0.848141575  0.864024015  0.872020531  0.862288811
  0.000299999992  0.941452161  0.941452161  0.855532525  0.855395084
  0.851824798  0.868798002  0.87634039  0.866457372
  0.000349999991  0.94248106  0.94248106  0.858659373  0.858506112  0.854783999
  0.872827109  0.879913837  0.869885773
  0.00039999999  0.943416666  0.943416666  0.861391945  0.861225408
  0.857365253  0.876420087  0.883061515  0.872906334
  0.000449999989  0.944279867  0.944279867  0.863809329  0.863634055
  0.859650192  0.879620815  0.885868314  0.875603789
  0.000499999987  0.945091084  0.945091084  0.865783946  0.86560133
  0.861514435  0.88245908  0.888386752  0.877863296
  0.000549999986  0.945848281  0.945848281  0.86757662  0.867384789
  0.863202712  0.88510826  0.890752269  0.879897676
  0.000599999985  0.946555888  0.946555888  0.869258051  0.86905506
  0.864782857  0.887640381  0.893025206  0.881781902
  0.000649999984  0.947240457  0.947240457  0.871027116  0.870810453
  0.866452294  0.889799154  0.894941434  0.88365584
  0.000699999982  0.947881107  0.947881107  0.872823615  0.872593478
  0.868154044  0.891998657  0.89689278  0.88556418
  0.000749999981  0.948505387  0.948505387  0.874350137  0.874111319
  0.869598675  0.893910905  0.898566196  0.887200237
  0.00079999998  0.949091766  0.949091766  0.875924585  0.875676602
  0.871093919  0.895896712  0.900306763  0.888895403
  0.000849999979  0.949667532  0.949667532  0.877287646  0.877028933
  0.872378822  0.897563279  0.901763136  0.890380579
  0.000899999977  0.95021082  0.95021082  0.878703663  0.878433804  0.873718955
  0.899309914  0.903292207  0.891928811
  0.000949999976  0.950743662  0.950743662  0.879824812  0.879541159
  0.874770008  0.90088229  0.904652948  0.893195978
  0.00100000005  0.95125864  0.95125864  0.880815591  0.880516603  0.875693469
  0.902396636  0.905955105  0.894343045
  0.00150000007  0.955684308  0.955684308  0.88940428  0.889012899  0.883716837
  0.914982611  0.916771008  0.904074907
  0.00200000009  0.959266768  0.959266768  0.895819143  0.895382422
  0.889699653  0.924306082  0.924828298  0.911391836
  0.00250000012  0.96232727  0.96232727  0.900344198  0.899853613  0.893869832
  0.931851466  0.931328039  0.916776412
  0.00300000014  0.965044684  0.965044684  0.904174207  0.903638668  0.89741861
  0.938052753  0.936671187  0.921178867
  0.00350000017  0.96749381  0.96749381  0.907959045  0.907392426  0.900970614
  0.943454695  0.941337622  0.925368285
  0.00400000019  0.969742531  0.969742531  0.911312334  0.910712048  0.90411869
  0.948230161  0.945433626  0.929141769
  0.00450000021  0.971826073  0.971826073  0.914050161  0.913408264  0.906655
  0.952556165  0.949084906  0.932334098
  0.00500000024  0.973767704  0.973767704  0.916373736  0.915688582
  0.908783127  0.956601611  0.952439104  0.935116224
  0.00550000026  0.975613302  0.975613302  0.918486065  0.917770467
  0.910726291  0.960250228  0.955395092  0.937658668
  0.00600000028  0.977364285  0.977364285  0.920426325  0.919684862
  0.912510774  0.96365653  0.958112565  0.940021018
  0.00650000031  0.979006724  0.979006724  0.922332281  0.921566603
  0.914272451  0.967072942  0.960811584  0.942357908
  0.00700000033  0.980615245  0.980615245  0.923867296  0.923085416
  0.915667598  0.969979382  0.963064559  0.944293908
  0.00750000036  0.982117661  0.982117661  0.925466356  0.924667771
  0.917135646  0.973087115  0.965468052  0.946315293
  0.00800000038  0.983607609  0.983607609  0.926776061  0.925967426
  0.918328994  0.9757218  0.967462844  0.948067136
  0.0085000004  0.985008987  0.985008987  0.928148363  0.9273292  0.919592073
  0.978545461  0.969596679  0.949902203
  0.00900000043  0.986391256  0.986391256  0.929059871  0.928225695
  0.920371797  0.981068024  0.971499167  0.951250413
  0.00950000045  0.98771911  0.98771911  0.929845074  0.928994001  0.921016652
  0.983592302  0.973398976  0.952474708
  0.00999999978  0.988991516  0.988991516  0.930654767  0.929787288
  0.921689351  0.986180059  0.97533898  0.953705686
  0.0149999997  1.00022487  1.00022487  0.943166574  0.942305713  0.933748586
  1.00807942  0.990894785  0.967227943
  0.0199999996  1.00939597  1.00939597  0.958276292  0.957586897  0.94946693
  1.02641492  1.0030851  0.982107766
  0.0249999994  1.01710267  1.01710267  0.967819373  0.967298945  0.959817741
  1.04153772  1.01374901  0.99226068
  0.0299999993  1.02343845  1.02343845  0.975245296  0.974890561  0.968305756
  1.05444158  1.02436815  0.999982695
  0.0349999992  1.02871382  1.02871382  0.982472508  0.982281444  0.976910249
  1.06410131  1.03465553  1.00683095
  0.0399999991  1.03303501  1.03303501  0.989076833  0.989025053  0.985085175
  1.07051632  1.04326559  1.01275514
  0.044999999  1.03649605  1.03649605  0.994429713  0.994480235  0.992057838
  1.07426808  1.05030089  1.01741359
  0.0499999989  1.03922256  1.03922256  0.998942453  0.99907169  0.998215772
  1.07607915  1.05615348  1.02120086
  0.0549999988  1.04137807  1.04137807  1.00291926  1.00310652  1.00386573
  1.07644952  1.06119708  1.02439506
  0.0599999987  1.04298288  1.04298288  1.00622202  1.00643845  1.00876382
  1.07517969  1.06512744  1.02693496
  0.0649999985  1.04403303  1.04403303  1.00862893  1.00883299  1.01250079
  1.0725367  1.0678034  1.02872154
  0.0699999984  1.04488088  1.04488088  1.01086361  1.01103767  1.01608833
  1.06901209  1.07020436  1.03029276
  0.0749999983  1.04518599  1.04518599  1.0119241  1.01205147  1.01793009
  1.06462319  1.071025  1.03100358
  0.0799999982  1.04542891  1.04542891  1.0129526  1.01302633  1.01977125
  1.05948412  1.07174771  1.03164877
  0.0849999981  1.04546568  1.04546568  1.01307042  1.01311009  1.02015799
  1.05454084  1.07131136  1.03187274
  0.089999998  1.04544864  1.04544864  1.01290745  1.01291662  1.02010639
  1.04915381  1.07045806  1.03198203
  0.0949999979  1.04521249  1.04521249  1.01248487  1.01247367  1.01961807
  1.04387417  1.06916609  1.03190263
  0.100000001  1.04457514  1.04457514  1.01154576  1.01153877  1.01822744
  1.03975597  1.06708225  1.03145372
  0.150000002  1.03417246  1.03417246  1.00236638  1.00236638  1.00385294
  1.00843384  1.03149121  1.02544238
  0.200000003  1.02178875  1.02178875  0.999029005  0.999029005  0.998394694
  0.996326588  0.998040589  1.01887933
  0.250000004  1.00699574  1.00699574  0.998624084  0.998624084  0.997728159
  0.994689906  0.989931274  1.00909271
  0.300000004  0.98927042  0.98927042  0.998405691  0.998405691  0.997394804
  0.993898029  0.986054767  0.994732019
  0.350000005  0.970237541  0.970237541  0.998226087  0.998226087  0.99715219
  0.993414844  0.982525042  0.977425865
  0.400000006  0.95083243  0.95083243  0.998072476  0.998072476  0.996980025
  0.993185348  0.97932461  0.958505009
  0.450000007  0.93199242  0.93199242  0.99795269  0.99795269  0.996889008
  0.99322923  0.976633736  0.939268989
  0.500000007  0.914378057  0.914378057  0.9978881  0.9978881  0.996903213
  0.993585541  0.974667141  0.920629048
  0.550000008  0.899019945  0.899019945  0.997906207  0.997906207  0.997043535
  0.994285683  0.973732163  0.903739781
  0.600000009  0.887392382  0.887392382  0.998036955  0.998036955  0.997318995
  0.995312574  0.974137366  0.890252168
  0.65000001  0.880176112  0.880176112  0.998349443  0.998349443  0.99781334
  0.99679209  0.976268579  0.88071415
  0.70000001  0.879894847  0.879894847  0.999245679  0.999245679  0.99906833
  0.998973848  0.981086855  0.87714707
  0.750000011  0.894735661  0.894735661  1.00172539  1.00172539  1.00172544
  1.00172544  0.990465416  0.885817327
  0.800000012  0.952506918  0.952506918  1.00396695  1.00396695  1.00396696
  1.00396696  1.00495128  0.938857745
  0.850000013  1.05780063  1.05780063  1.00452567  1.00452567  1.00452567
  1.00452567  1.02265674  1.0439534
  0.900000013  1.21276161  1.21276161  0.998712819  0.998712819  0.99871282
  0.99871282  1.04203576  1.20254854
  0.950000014  1.42526327  1.42526327  0.938011238  0.938011238  0.938011438
  0.938011438  1.05873028  1.42181595
  1024.
  9.99999975E-06  0.930005445  0.930005445  0.806230952  0.806224562
  0.805469565  0.810592056  0.830358075  0.813181931
  1.49999996E-05  0.931012785  0.931012785  0.813192106  0.813179244  0.8122959
  0.817935939  0.837298138  0.820252955
  1.99999995E-05  0.931813111  0.931813111  0.818032467  0.818016382
  0.817037789  0.823367492  0.842376972  0.825301005
  2.49999994E-05  0.93248643  0.93248643  0.821800038  0.821782248  0.820728395
  0.827665655  0.846391657  0.829231933
  2.99999992E-05  0.933071369  0.933071369  0.825046977  0.825027672
  0.823903947  0.831207973  0.849705325  0.832529108
  3.49999991E-05  0.933592937  0.933592937  0.828037959  0.828016885
  0.826826964  0.834274648  0.852560124  0.835504346
  3.9999999E-05  0.934065344  0.934065344  0.830696737  0.830673731
  0.829423012  0.836948403  0.855037272  0.838140557
  4.49999989E-05  0.934499261  0.934499261  0.833027011  0.833001585
  0.831699153  0.839339684  0.857236808  0.840474609
  4.99999987E-05  0.934900773  0.934900773  0.835106894  0.835078336
  0.833731128  0.841540766  0.859246103  0.842584194
  5.49999986E-05  0.935274985  0.935274985  0.836962354  0.836929859
  0.835541914  0.843572188  0.861086533  0.844488175
  5.99999985E-05  0.935629264  0.935629264  0.838570654  0.838535768
  0.837109107  0.845350748  0.862694071  0.84613809
  6.49999984E-05  0.93596018  0.93596018  0.840154423  0.84011783  0.838653763
  0.847103091  0.86428172  0.847763569
  6.99999982E-05  0.936278337  0.936278337  0.841568443  0.841532326
  0.84003448  0.848641955  0.865675421  0.849207448
  7.49999981E-05  0.936578154  0.936578154  0.842965739  0.842929589
  0.841399207  0.85016765  0.867059593  0.850636061
  7.9999998E-05  0.936867494  0.936867494  0.844200044  0.844162476
  0.842602282  0.851519458  0.868282187  0.851896644
  8.49999979E-05  0.937140257  0.937140257  0.84546963  0.845430538
  0.843841082  0.852913906  0.869547722  0.853195724
  8.99999977E-05  0.937408367  0.937408367  0.846543068  0.846501684
  0.844886705  0.854089996  0.870617166  0.854292205
  9.49999976E-05  0.937662275  0.937662275  0.847656381  0.847612611
  0.845972416  0.855313324  0.871732976  0.855431548
  9.99999975E-05  0.93790899  0.93790899  0.848688018  0.84864281  0.846978865
  0.856448687  0.872769443  0.85649154
  0.000149999996  0.940008265  0.940008265  0.856604322  0.856543171
  0.854660006  0.865598024  0.881052605  0.864809247
  0.000199999995  0.941677958  0.941677958  0.861990898  0.861906388
  0.859845347  0.872246637  0.88700351  0.870591663
  0.000249999994  0.943090865  0.943090865  0.866323106  0.866222492
  0.864025708  0.877503052  0.891721053  0.875214205
  0.000299999992  0.944319086  0.944319086  0.869947232  0.869833004
  0.867518082  0.881959  0.895704603  0.879110656
  0.000349999991  0.945425548  0.945425548  0.87289515  0.87276782  0.870352087
  0.885716469  0.899011682  0.882328139
  0.00039999999  0.946428502  0.946428502  0.875477449  0.875338976
  0.872832465  0.889069303  0.901941225  0.88516781
  0.000449999989  0.947351425  0.947351425  0.877751736  0.87760511
  0.875018093  0.892057613  0.904552897  0.887689182
  0.000499999987  0.948215229  0.948215229  0.879656476  0.879502411
  0.876849168  0.894704706  0.90687441  0.889838481
  0.000549999986  0.94901998  0.94901998  0.881412411  0.881249582  0.878535508
  0.8971791  0.909050083  0.891809896
  0.000599999985  0.949771222  0.949771222  0.883081086  0.882908092
  0.880136854  0.899548831  0.911138982  0.893668999
  0.000649999984  0.950495079  0.950495079  0.884715289  0.884530952
  0.881702122  0.901565763  0.912897241  0.895414015
  0.000699999982  0.951172278  0.951172278  0.886377534  0.886181852
  0.883299135  0.903626001  0.914695199  0.897193935
  0.000749999981  0.951829561  0.951829561  0.887790669  0.887586809
  0.884655204  0.905410826  0.916233151  0.898720129
  0.00079999998  0.952447113  0.952447113  0.889251922  0.889039421
  0.886061831  0.907269972  0.917839891  0.900304581
  0.000849999979  0.953051522  0.953051522  0.890486077  0.890263922
  0.887241602  0.908828113  0.919177758  0.901655375
  0.000899999977  0.953622194  0.953622194  0.891773424  0.891541198
  0.888476565  0.910466066  0.920588654  0.903068801
  0.000949999976  0.954180132  0.954180132  0.892828646  0.892584984
  0.88948441  0.911937936  0.921844646  0.904259149
  0.00100000005  0.954718734  0.954718734  0.893784937  0.893528936
  0.890395991  0.913355287  0.923048436  0.905358438
  0.00150000007  0.959320559  0.959320559  0.901944055  0.901610704
  0.898173785  0.925131182  0.933016299  0.914609915
  0.00200000009  0.963012049  0.963012049  0.90793232  0.907555611  0.903869048
  0.933872606  0.94039955  0.921470602
  0.00250000012  0.966145418  0.966145418  0.912288126  0.911863173
  0.907992816  0.940958383  0.946348751  0.926642577
  0.00300000014  0.968911066  0.968911066  0.915970165  0.915505258
  0.911488241  0.946786627  0.951221342  0.930905773
  0.00350000017  0.97139327  0.97139327  0.919478274  0.918983239  0.914835672
  0.951879168  0.955468221  0.93485391
  0.00400000019  0.973662975  0.973662975  0.922548534  0.922021522
  0.917762306  0.956390447  0.959192472  0.938361004
  0.00450000021  0.975758928  0.975758928  0.92509683  0.92453311  0.920172673
  0.960482602  0.962520114  0.941368319
  0.00500000024  0.977707091  0.977707091  0.927303333  0.926702804
  0.922248648  0.964312113  0.965586329  0.944036747
  0.00550000026  0.97955168  0.97955168  0.929292117  0.928665008  0.924122988
  0.967756561  0.968285428  0.946452538
  0.00600000028  0.981296545  0.981296545  0.931113962  0.930464246
  0.925839371  0.970972136  0.97077146  0.948688702
  0.00650000031  0.982932617  0.982932617  0.932905699  0.932234753
  0.927535111  0.974203507  0.973250911  0.95090198
  0.00700000033  0.984525638  0.984525638  0.934354141  0.933668737
  0.928889033  0.976945251  0.975314945  0.952739023
  0.00750000036  0.98601591  0.98601591  0.93587183  0.935171405  0.930321432
  0.979888725  0.977531013  0.954667689
  0.00800000038  0.987484176  0.987484176  0.937101062  0.936390811
  0.931471683  0.982370388  0.979361393  0.956298457
  0.0085000004  0.988867568  0.988867568  0.938395804  0.937675205  0.932694952
  0.985040027  0.981331084  0.958015603
  0.00900000043  0.990224538  0.990224538  0.939340492  0.938607277
  0.933555949  0.987414495  0.983069099  0.959357119
  0.00950000045  0.99152741  0.99152741  0.940198151  0.939451187  0.934326699
  0.989791218  0.984803191  0.960614143
  0.00999999978  0.992775779  0.992775779  0.941086973  0.940326792
  0.935132787  0.992230904  0.986577794  0.96188963
  0.0149999997  1.00366925  1.00366925  0.953372202  0.952630627  0.947183963
  1.0125883  1.00062239  0.97528678
  0.0199999996  1.01239938  1.01239938  0.96691342  0.966324597  0.961223174
  1.02932139  1.01159071  0.988793225
  0.0249999994  1.0195868  1.0195868  0.975622073  0.97518414  0.970673076
  1.0428285  1.02099399  0.998141428
  0.0299999993  1.02542719  1.02542719  0.982565208  0.982275747  0.97859881
  1.05413266  1.03002732  1.00545865
  0.0349999992  1.0302144  1.0302144  0.989146121  0.989000397  0.986387574
  1.0624023  1.03826548  1.01181318
  0.0399999991  1.03406836  1.03406836  0.994985505  0.994959694  0.993560349
  1.06772006  1.04492276  1.01712965
  0.044999999  1.03709482  1.03709482  0.999646386  0.999707555  0.999578357
  1.07064087  1.0501593  1.02123168
  0.0499999989  1.03942911  1.03942911  1.00350862  1.00363456  1.00479879
  1.07182746  1.0543396  1.02449139
  0.0549999988  1.04123726  1.04123726  1.00685053  1.00702204  1.00950372
  1.07172139  1.05778516  1.02717334
  0.0599999987  1.04253696  1.04253696  1.00953315  1.00972384  1.01345499
  1.07016444  1.06024876  1.02921165
  0.0649999985  1.04332873  1.04332873  1.01138614  1.01156223  1.01632919
  1.06745682  1.06166947  1.03054504
  0.0699999984  1.04394188  1.04394188  1.01305607  1.01320259  1.01902285
  1.06393782  1.06278896  1.03166963
  0.0749999983  1.04406746  1.04406746  1.0136796  1.01378578  1.02017529
  1.05980931  1.06268309  1.0320344
  0.0799999982  1.04414211  1.04414211  1.01424385  1.0143038  1.02127774
  1.05497295  1.06240564  1.03233188
  0.0849999981  1.04399065  1.04399065  1.01404381  1.01407568  1.02117173
  1.05041983  1.06128954  1.03224898
  0.089999998  1.04378245  1.04378245  1.01358097  1.01358823  1.02065966
  1.04547367  1.0597896  1.03205257
  0.0949999979  1.04338465  1.04338465  1.01290438  1.01289512  1.01979075
  1.04059182  1.05793727  1.03170319
  0.100000001  1.04263345  1.04263345  1.01184411  1.01183832  1.01824977
  1.03675237  1.05558027  1.03106565
  0.150000002  1.03170457  1.03170457  1.00203855  1.00203855  1.00324189
  1.00663294  1.02191364  1.02367505
  0.200000003  1.01890801  1.01890801  0.998599009  0.998599009  0.997735992
  0.995157641  0.994684667  1.01623564
  0.250000004  1.00374872  1.00374872  0.998096517  0.998096517  0.996924416
  0.993272795  0.987005154  1.00575917
  0.300000004  0.985893844  0.985893844  0.99779088  0.99779088  0.996464787
  0.99223572  0.982222172  0.99098198
  0.350000005  0.967001849  0.967001849  0.997540326  0.997540326  0.996130142
  0.991587943  0.977856689  0.973624067
  0.400000006  0.947912436  0.947912436  0.997326443  0.997326443  0.995891491
  0.991259036  0.973863887  0.954929413
  0.450000007  0.929501714  0.929501714  0.997160483  0.997160483  0.995763748
  0.991279156  0.970466535  0.936113849
  0.500000007  0.912420918  0.912420918  0.997070765  0.997070765  0.995777845
  0.991701264  0.967941716  0.91806096
  0.550000008  0.897718169  0.897718169  0.997094116  0.997094116  0.995961141
  0.992569366  0.966701782  0.901939892
  0.600000009  0.886853075  0.886853075  0.99727116  0.99727116  0.996328455
  0.993870875  0.967174632  0.889354158
  0.65000001  0.88059485  0.88059485  0.997701109  0.997701109  0.997004606
  0.995774916  0.969923104  0.880947611
  0.70000001  0.881739519  0.881739519  0.998923496  0.998923496  0.998699726
  0.998587294  0.976310857  0.87904869
  0.750000011  0.899209217  0.899209217  1.00219595  1.00219595  1.002196
  1.002196  0.988927507  0.891115279
  0.800000012  0.958837912  0.958837912  1.00531188  1.00531188  1.00531188
  1.00531188  1.00848152  0.946753942
  0.850000013  1.06406846  1.06406846  1.00665006  1.00665006  1.00665005
  1.00665005  1.03291203  1.05186758
  0.900000013  1.21738765  1.21738765  1.00140998  1.00140998  1.00140998
  1.00140998  1.06085156  1.208351
  0.950000014  1.42687379  1.42687379  0.937419782  0.937419782  0.937419977
  0.937419977  1.08690628  1.42376709
  4096.
  9.99999975E-06  0.931260729  0.931260729  0.821498613  0.821492999
  0.821002157  0.825299899  0.848034734  0.827220054
  1.49999996E-05  0.932382333  0.932382333  0.828033572  0.828023048
  0.827444058  0.832225738  0.854645371  0.833869785
  1.99999995E-05  0.933267913  0.933267913  0.832635276  0.832622191
  0.831977905  0.837332448  0.859467249  0.838643437
  2.49999994E-05  0.934009808  0.934009808  0.836245247  0.836230628
  0.835534158  0.841373756  0.863272413  0.842385264
  2.99999992E-05  0.934652773  0.934652773  0.839329429  0.839313377
  0.838567935  0.844708168  0.866409076  0.845519521
  3.49999991E-05  0.935224499  0.935224499  0.842116405  0.842098731
  0.841306607  0.847593125  0.869108016  0.848309634
  3.9999999E-05  0.935741334  0.935741334  0.844572849  0.844553406  0.84371868
  0.850109691  0.871451498  0.850764857
  4.49999989E-05  0.936215122  0.936215122  0.846730047  0.84670849
  0.845837572  0.852359168  0.873532656  0.852938973
  4.99999987E-05  0.936652735  0.936652735  0.848666621  0.848642514
  0.847740219  0.854427476  0.875434339  0.854909899
  5.49999986E-05  0.937059996  0.937059996  0.850407117  0.850380027
  0.849449203  0.856333717  0.877176973  0.856697033
  5.99999985E-05  0.937444967  0.937444967  0.851918925  0.851890002
  0.850932158  0.85800124  0.878696585  0.858249615
  6.49999984E-05  0.937804351  0.937804351  0.85340962  0.853379306
  0.852395428  0.859647006  0.880199885  0.859781556
  6.99999982E-05  0.938149084  0.938149084  0.854731662  0.854701308
  0.853693793  0.861090936  0.881514958  0.861135397
  7.49999981E-05  0.938473812  0.938473812  0.856040314  0.856009567
  0.854979364  0.862524662  0.882823622  0.86247741
  7.9999998E-05  0.938786721  0.938786721  0.857194239  0.857162158
  0.856111152  0.863793137  0.883977213  0.863660695
  8.49999979E-05  0.939081723  0.939081723  0.858384077  0.858350578
  0.857279237  0.865104501  0.885174463  0.864882934
  8.99999977E-05  0.939370993  0.939370993  0.859384151  0.85934882
  0.858259544  0.866206822  0.886177424  0.865910089
  9.49999976E-05  0.939645009  0.939645009  0.86042406  0.860386832
  0.859279915  0.867355931  0.887226896  0.86697992
  9.99999975E-05  0.939910805  0.939910805  0.861385492  0.861346963
  0.860223302  0.868421735  0.888198964  0.867972359
  0.000149999996  0.942164309  0.942164309  0.86882005  0.868766706
  0.867489436  0.877018325  0.895977897  0.875790719
  0.000199999995  0.943946101  0.943946101  0.873951504  0.873878838
  0.872479071  0.883272  0.901580534  0.881285643
  0.000249999994  0.945446648  0.945446648  0.87804683  0.877960367
  0.876467218  0.888219137  0.906002554  0.885658988
  0.000299999992  0.946747158  0.946747158  0.881472831  0.881374404
  0.879800752  0.892423085  0.909743725  0.889345618
  0.000349999991  0.947914252  0.947914252  0.884272656  0.884162913
  0.882521119  0.895965429  0.912854024  0.892397034
  0.00039999999  0.948969663  0.948969663  0.886729306  0.886609801
  0.884907389  0.899127823  0.915615598  0.895093645
  0.000449999989  0.949938865  0.949938865  0.888889582  0.888762422
  0.887007007  0.901946979  0.918074323  0.897482537
  0.000499999987  0.950843197  0.950843197  0.890724828  0.890590386
  0.888791899  0.904441985  0.920248226  0.899539028
  0.000549999986  0.951684493  0.951684493  0.892429375  0.892286673
  0.890448857  0.906776984  0.922284186  0.901442604
  0.000599999985  0.952469221  0.952469221  0.894059257  0.89390724
  0.892032809  0.909016732  0.924239398  0.903253312
  0.000649999984  0.953222946  0.953222946  0.895588982  0.895427138
  0.893513918  0.910919914  0.925881571  0.904898307
  0.000699999982  0.953927969  0.953927969  0.897147496  0.896975718
  0.895026905  0.912868296  0.927566444  0.906578872
  0.000749999981  0.954610154  0.954610154  0.898470959  0.898291509
  0.89631012  0.914551592  0.929003815  0.90801775
  0.00079999998  0.955251298  0.955251298  0.89984308  0.899655526  0.897644307
  0.9163096  0.930511013  0.909514889
  0.000849999979  0.955877167  0.955877167  0.900986281  0.900790005
  0.898749381  0.917780662  0.931760951  0.910773333
  0.000899999977  0.956468438  0.956468438  0.902182768  0.901977348
  0.899909653  0.919331082  0.933083978  0.912094156
  0.000949999976  0.957045071  0.957045071  0.903184139  0.902968885
  0.900878627  0.920722022  0.934260354  0.913224693
  0.00100000005  0.957601214  0.957601214  0.904105164  0.903879535
  0.901769464  0.922061233  0.935388325  0.914280609
  0.00150000007  0.962331821  0.962331821  0.911880946  0.911587982
  0.909285452  0.933187946  0.944707873  0.923118617
  0.00200000009  0.966100025  0.966100025  0.917528805  0.917194527
  0.914734564  0.941458847  0.951582182  0.929622951
  0.00250000012  0.969282351  0.969282351  0.92171898  0.921340706  0.918772938
  0.948171099  0.957112776  0.934601588
  0.00300000014  0.972078099  0.972078099  0.925249123  0.924834465
  0.922179082  0.953695206  0.961628435  0.938715836
  0.00350000017  0.974578956  0.974578956  0.928534322  0.928090696
  0.925354607  0.958532342  0.965558755  0.94246345
  0.00400000019  0.976858177  0.976858177  0.931389153  0.930915332
  0.928110745  0.9628232  0.969003352  0.945768083
  0.00450000021  0.978957284  0.978957284  0.933786448  0.933279638
  0.930414816  0.966719018  0.9720847  0.948628018
  0.00500000024  0.980904341  0.980904341  0.935889459  0.935350386
  0.932431481  0.970366933  0.974928538  0.951193687
  0.00550000026  0.982741932  0.982741932  0.93777334  0.937210544  0.934238697
  0.973641321  0.977427967  0.95350217
  0.00600000028  0.984475911  0.984475911  0.939496951  0.938913965  0.93589181
  0.97669796  0.979731813  0.955635212
  0.00650000031  0.986101384  0.986101384  0.941194663  0.94059267  0.937527273
  0.979774642  0.982036314  0.957748907
  0.00700000033  0.987676385  0.987676385  0.942570666  0.941955587
  0.938839871  0.982377795  0.983946758  0.959504351
  0.00750000036  0.989151874  0.989151874  0.944019483  0.943390729
  0.940234822  0.985182047  0.986008631  0.961355772
  0.00800000038  0.990597392  0.990597392  0.945188626  0.944550589
  0.941351189  0.987534192  0.987699897  0.962902131
  0.0085000004  0.991961473  0.991961473  0.946425443  0.945777584  0.942543132
  0.990072667  0.989528955  0.964537331
  0.00900000043  0.993293236  0.993293236  0.947381463  0.946722854
  0.943445872  0.992321653  0.991129648  0.965863019
  0.00950000045  0.994571402  0.994571402  0.94827555  0.947605527  0.944285913
  0.994573145  0.992725702  0.967128237
  0.00999999978  0.995796063  0.995796063  0.949204407  0.948523521  0.94516523
  0.996887112  0.994362234  0.968418488
  0.0149999997  1.00637574  1.00637574  0.961129484  0.96047501  0.956989551
  1.01598268  1.00716531  0.981510566
  0.0199999996  1.0147198  1.0147198  0.973451531  0.972936256  0.969755147
  1.03143492  1.01706862  0.993954947
  0.0249999994  1.0214703  1.0214703  0.981470229  0.981092493  0.978465238
  1.04366383  1.02535269  1.00263339
  0.0299999993  1.02689793  1.02689793  0.987952942  0.987710553  0.985857275
  1.05371366  1.03304953  1.009517
  0.0349999992  1.03128363  1.03128363  0.993967225  0.993853575  0.992947994
  1.06089545  1.03973519  1.01537894
  0.0399999991  1.03475746  1.03475746  0.99917786  0.999169745  0.999318757
  1.06534928  1.04494252  1.0201525
  0.044999999  1.03743373  1.03743373  1.00327464  1.00334203  1.00458162
  1.06761033  1.04886218  1.02376465
  0.0499999989  1.03945429  1.03945429  1.00661176  1.00673367  1.00906984
  1.06829529  1.05183275  1.02656924
  0.0549999988  1.04098507  1.04098507  1.00944618  1.00960472  1.01304486
  1.06779966  1.05413177  1.02881797
  0.0599999987  1.04204145  1.04204145  1.01164245  1.01181339  1.01627875
  1.066  1.05556081  1.03044565
  0.0649999985  1.04262752  1.04262752  1.01307012  1.01322531  1.01851312
  1.06321877  1.05611749  1.03142021
  0.0699999984  1.04305273  1.04305273  1.01430722  1.01443367  1.02054521
  1.05967604  1.05635609  1.03219309
  0.0749999983  1.04303075  1.04303075  1.01460939  1.01470028  1.02120761
  1.05571467  1.05564716  1.03229422
  0.0799999982  1.04296529  1.04296529  1.01483063  1.01488089  1.02178257
  1.05107265  1.05471358  1.03232499
  0.0849999981  1.04266648  1.04266648  1.01440588  1.01443229  1.02134008
  1.04678209  1.053182  1.03202132
  0.089999998  1.04230959  1.04230959  1.01373396  1.01373989  1.02051843
  1.04213497  1.05129591  1.03160784
  0.0949999979  1.04178568  1.04178568  1.01288205  1.01287419  1.01939667
  1.03752795  1.04911947  1.03106814
  0.100000001  1.04094636  1.04094636  1.0117476  1.01174267  1.01777134
  1.03389641  1.04664773  1.03030429
  0.150000002  1.02958113  1.02958113  1.0016388  1.0016388  1.00255931
  1.00499396  1.0150352  1.02203865
  0.200000003  1.0164372  1.0164372  0.998179034  0.998179034  0.997107723
  0.994101148  0.991929708  1.01398125
  0.250000004  1.00098603  1.00098603  0.997590927  0.997590927  0.996171196
  0.992008022  0.984287943  1.00295627
  0.300000004  0.983040403  0.983040403  0.997204871  0.997204871  0.995597634
  0.990760341  0.978702175  0.98785642
  0.350000005  0.964283407  0.964283407  0.996889653  0.996889653  0.995180961
  0.989971967  0.973597567  0.970477873
  0.400000006  0.945472217  0.945472217  0.996621385  0.996621385  0.994883741
  0.989558357  0.968898682  0.95198652
  0.450000007  0.927434862  0.927434862  0.996414638  0.996414638  0.994724792
  0.989559443  0.964865931  0.93353329
  0.500000007  0.910817011  0.910817011  0.996304017  0.996304017  0.994741047
  0.990041022  0.961834661  0.91598254
  0.550000008  0.896681999  0.896681999  0.996335111  0.996335111  0.994966078
  0.991059252  0.960317998  0.900515737
  0.600000009  0.886482497  0.886482497  0.996558588  0.996558588  0.995421279
  0.992606541  0.960863033  0.888707889
  0.65000001  0.881067123  0.881067123  0.997105856  0.997105856  0.996275903
  0.994893129  0.964213839  0.881287769
  0.70000001  0.883470837  0.883470837  0.998651407  0.998651407  0.998397167
  0.998275031  0.97214251  0.880862427
  0.750000011  0.90315576  0.90315576  1.0026619  1.0026619  1.00266195
  1.00266195  0.987954977  0.895753344
  0.800000012  0.964277233  0.964277233  1.00659434  1.00659434  1.00659434
  1.00659434  1.0125262  0.953445065
  0.850000013  1.06940194  1.06940194  1.00873468  1.00873468  1.00873468
  1.00873468  1.04378981  1.05851004
  0.900000013  1.22131484  1.22131484  1.00432021  1.00432021  1.00432021
  1.00432021  1.08085538  1.21322152
  0.950000014  1.42825134  1.42825134  0.940801542  0.940801542  0.94080172
  0.94080172  1.11777247  1.42542844
  16384.
  9.99999975E-06  0.932383195  0.932383195  0.833928911  0.833923918
  0.833589865  0.837273774  0.861627606  0.838713864
  1.49999996E-05  0.933602588  0.933602588  0.840136694  0.84012779
  0.839731028  0.843863525  0.86796776  0.845038951
  1.99999995E-05  0.934560778  0.934560778  0.844542584  0.844531544
  0.844088446  0.848711657  0.87258291  0.849595198
  2.49999994E-05  0.935360883  0.935360883  0.848012689  0.848000249
  0.847519759  0.85254795  0.876220846  0.85317911
  2.99999992E-05  0.936052965  0.936052965  0.850958082  0.850944294
  0.850428379  0.855715042  0.879216755  0.856175569
  3.49999991E-05  0.936667014  0.936667014  0.853586761  0.853571477
  0.853021689  0.858454  0.881793109  0.858820137
  3.9999999E-05  0.937221298  0.937221298  0.855891904  0.855875  0.855294513
  0.860843758  0.884030668  0.861138088
  4.49999989E-05  0.937728594  0.937728594  0.857919367  0.857900592
  0.857294112  0.862978831  0.886017694  0.863191308
  4.99999987E-05  0.938196495  0.938196495  0.859746494  0.859725573
  0.859096592  0.864940565  0.887833695  0.865056413
  5.49999986E-05  0.938631459  0.938631459  0.86139639  0.861373085  0.86072367
  0.866747044  0.889498034  0.866752571
  5.99999985E-05  0.939042096  0.939042096  0.862830532  0.862805725
  0.862136982  0.868325977  0.890947022  0.868227613
  6.49999984E-05  0.939425272  0.939425272  0.864246233  0.864220217
  0.863532932  0.869886506  0.892382531  0.869684881
  6.99999982E-05  0.939792157  0.939792157  0.865495682  0.865469353
  0.864765155  0.871254117  0.893634945  0.870967948
  7.49999981E-05  0.940137628  0.940137628  0.866734272  0.866707366
  0.865987027  0.872613832  0.894883184  0.872241694
  7.9999998E-05  0.940470144  0.940470144  0.867824638  0.867796483
  0.867061321  0.873815218  0.895981114  0.873363662
  8.49999979E-05  0.940783654  0.940783654  0.86895133  0.868921858  0.86817231
  0.875059606  0.897123262  0.874524855
  8.99999977E-05  0.941090445  0.941090445  0.869893984  0.869862974
  0.869100586  0.876102645  0.898074279  0.875497077
  9.49999976E-05  0.941381129  0.941381129  0.870876355  0.870843742
  0.870068819  0.877192032  0.899071855  0.876511737
  9.99999975E-05  0.94166273  0.94166273  0.871783367  0.87174955  0.870962662
  0.878201955  0.899994511  0.877451384
  0.000149999996  0.944043368  0.944043368  0.878836888  0.878789338
  0.877893199  0.886353299  0.907384671  0.884877425
  0.000199999995  0.94591684  0.94591684  0.883749323  0.883685223  0.882703466
  0.892287128  0.912710999  0.890132448
  0.000249999994  0.94748858  0.94748858  0.887649152  0.88757289  0.886526441
  0.896983052  0.916904091  0.894301824
  0.000299999992  0.94884754  0.94884754  0.890913599  0.890826595  0.889725199
  0.900980714  0.920456487  0.89781892
  0.000349999991  0.950063358  0.950063358  0.893588898  0.893491844
  0.892344459  0.904346946  0.923410828  0.900734098
  0.00039999999  0.951160771  0.951160771  0.895939159  0.895833313
  0.894645707  0.907353208  0.926036304  0.903312811
  0.000449999989  0.952166846  0.952166846  0.898004982  0.897891882
  0.896669805  0.910033327  0.928370653  0.905595134
  0.000499999987  0.953103298  0.953103298  0.899775265  0.899655129
  0.898405541  0.912403518  0.930427634  0.907571488
  0.000549999986  0.953973473  0.953973473  0.901425995  0.901298076
  0.900023623  0.914623848  0.932353871  0.909410011
  0.000599999985  0.954784625  0.954784625  0.903009484  0.902872954
  0.901575685  0.916756331  0.934204658  0.911167037
  0.000649999984  0.955561699  0.955561699  0.904455008  0.904309716
  0.902986742  0.918565518  0.935755561  0.912730832
  0.000699999982  0.956288505  0.956288505  0.905930047  0.90577583
  0.904430047  0.920421331  0.93735124  0.9143309
  0.000749999981  0.956990021  0.956990021  0.90718066  0.907019237
  0.905652299  0.92202104  0.938709009  0.91569837
  0.00079999998  0.957649543  0.957649543  0.908480433  0.908311409
  0.906925997  0.923695588  0.940137205  0.917124315
  0.000849999979  0.958291931  0.958291931  0.909554529  0.909377529
  0.907973414  0.925094492  0.941317288  0.918313162
  0.000899999977  0.958899128  0.958899128  0.91068185  0.910496487
  0.909075993  0.926572182  0.942570285  0.919564163
  0.000949999976  0.959490073  0.959490073  0.911637867  0.911443827
  0.910009993  0.927895971  0.943682616  0.920645421
  0.00100000005  0.960059605  0.960059605  0.91252546  0.912322431  0.910877343
  0.929170296  0.944749159  0.9216623
  0.00150000007  0.964886848  0.964886848  0.919963078  0.919699818
  0.918139928  0.939759527  0.953546112  0.930140603
  0.00200000009  0.968710146  0.968710146  0.925329247  0.925026564
  0.923374025  0.94763839  0.960013063  0.936351738
  0.00250000012  0.971925638  0.971925638  0.929364033  0.929020676  0.92731249
  0.954038101  0.965207307  0.941154527
  0.00300000014  0.974739672  0.974739672  0.932749997  0.932372948
  0.930618345  0.959306993  0.969436689  0.94512453
  0.00350000017  0.977249938  0.977249938  0.93585036  0.935445514  0.933646238
  0.963927891  0.973113728  0.948701689
  0.00400000019  0.979531452  0.979531452  0.938532889  0.938099519
  0.936263364  0.968030742  0.976334368  0.951843052
  0.00450000021  0.981627947  0.981627947  0.940804871  0.940341422
  0.938474493  0.971758249  0.979216532  0.954579575
  0.00500000024  0.983569261  0.983569261  0.94281592  0.942323587  0.940430555
  0.975250137  0.981878541  0.957052276
  0.00550000026  0.985396335  0.985396335  0.944609105  0.944095253
  0.942174137  0.978379208  0.984213874  0.959267413
  0.00600000028  0.987116818  0.987116818  0.946248897  0.945716724
  0.943768531  0.981299874  0.986366494  0.96131247
  0.00650000031  0.988729367  0.988729367  0.947866625  0.947317172
  0.945348291  0.984243776  0.988524266  0.963341724
  0.00700000033  0.99028524  0.99028524  0.949180266  0.948618844  0.946620587
  0.986727592  0.990304514  0.965026984
  0.00750000036  0.991744662  0.991744662  0.950569166  0.949995182
  0.947977911  0.98941123  0.992234274  0.966811259
  0.00800000038  0.99316735  0.99316735  0.951689403  0.951106765  0.949064051
  0.991651619  0.993805571  0.96829165
  0.0085000004  0.994511782  0.994511782  0.952878873  0.952287043  0.950227652
  0.994076321  0.995512106  0.969862714
  0.00900000043  0.99581902  0.99581902  0.953833597  0.953232499  0.951149374
  0.996217011  0.996995263  0.971166634
  0.00950000045  0.997073253  0.997073253  0.954743305  0.95413259  0.952026517
  0.998360304  0.998473264  0.972425761
  0.00999999978  0.998274972  0.998274972  0.955689754  0.955069968
  0.952945012  1.00056553  0.999991323  0.973713807
  0.0149999997  1.00856484  1.00856484  0.96720751  0.96661947  0.964448604
  1.01859531  1.01173692  0.986428857
  0.0199999996  1.01656658  1.01656658  0.978545194  0.978086046  0.976199025
  1.03298428  1.02070189  0.998009275
  0.0249999994  1.02294164  1.02294164  0.985980364  0.985648429  0.98428453
  1.0441656  1.02800546  1.00611129
  0.0299999993  1.02801753  1.02801753  0.992039906  0.99183294  0.991188354
  1.05319801  1.03458112  1.01257246
  0.0349999992  1.03206487  1.03206487  0.997560645  0.997470689  0.99768066
  1.0595017  1.04005059  1.0179768
  0.0399999991  1.03522132  1.03522132  1.00224701  1.00225147  1.00339453
  1.06325784  1.04414185  1.02227625
  0.044999999  1.0376076  1.0376076  1.00587691  1.00594796  1.00804507
  1.06498555  1.04706199  1.02546602
  0.0499999989  1.03936992  1.03936992  1.00878305  1.00890078  1.01194579
  1.06526397  1.04912532  1.02788427
  0.0549999988  1.04067262  1.04067262  1.01120426  1.01135196  1.01534051
  1.06445094  1.05057189  1.02977047
  0.0599999987  1.04152916  1.04152916  1.01301066  1.01316597  1.01801305
  1.06245245  1.05124494  1.0310626
  0.0649999985  1.04194642  1.04194642  1.01410354  1.01424253  1.01975594
  1.05960612  1.05118525  1.03175132
  0.0699999984  1.04221657  1.04221657  1.01500052  1.01511175  1.02128086
  1.05603628  1.05079728  1.03224516
  0.0749999983  1.04207099  1.04207099  1.0150593  1.0151387  1.02158095
  1.05219639  1.04968282  1.03214346
  0.0799999982  1.04188697  1.04188697  1.01501973  1.01506283  1.02176446
  1.04769517  1.04830525  1.03196791
  0.0849999981  1.04146921  1.04146921  1.01443111  1.01445354  1.02108275
  1.04359918  1.04651429  1.03150186
  0.089999998  1.04099289  1.04099289  1.01360895  1.01361392  1.02004462
  1.03917453  1.04439477  1.03093041
  0.0949999979  1.0403673  1.0403673  1.0126325  1.01262566  1.01874846
  1.03477502  1.04203106  1.03025311
  0.100000001  1.03945737  1.03945737  1.01145263  1.01144833  1.01707685
  1.03130942  1.03952821  1.02940246
  0.150000002  1.0277218  1.0277218  1.00121998  1.00121998  1.0018774
  1.00353653  1.00984536  1.02055207
  0.200000003  1.01428149  1.01428149  0.997776728  0.997776728  0.996516497
  0.993142664  0.989569588  1.0120225
  0.250000004  0.99859282  0.99859282  0.997112577  0.997112577  0.995470421
  0.990869589  0.981773248  1.00054803
  0.300000004  0.980583558  0.980583558  0.996653415  0.996653415  0.99479504
  0.98944  0.97547419  0.985192552
  0.350000005  0.961955174  0.961955174  0.996280075  0.996280075  0.994306023
  0.988531489  0.969716115  0.967814442
  0.400000006  0.943392635  0.943392635  0.995963446  0.995963446  0.993957895
  0.98804652  0.964391854  0.94950896
  0.450000007  0.925685278  0.925685278  0.995721268  0.995721268  0.993773078
  0.988034044  0.959795661  0.931375039
  0.500000007  0.909475661  0.909475661  0.995593855  0.995593855  0.993793791
  0.988571645  0.956317155  0.914263147
  0.550000008  0.895840607  0.895840607  0.995634998  0.995634998  0.994059619
  0.989726893  0.954564512  0.89936547
  0.600000009  0.886230457  0.886230457  0.995904874  0.995904874  0.994599118
  0.991497165  0.955199507  0.888239785
  0.65000001  0.88156589  0.88156589  0.996568404  0.996568404  0.995627712
  0.994131379  0.959144649  0.881691654
  0.70000001  0.885091208  0.885091208  0.998430027  0.998430027  0.998156893
  0.998030338  0.968569489  0.882576359
  0.750000011  0.906672956  0.906672956  1.00312463  1.00312463  1.00312468
  1.00312468  0.987466101  0.899855767
  0.800000012  0.969019963  0.969019963  1.00781165  1.00781165  1.00781166
  1.00781166  1.01685922  0.959207338
  0.850000013  1.07401411  1.07401411  1.01073656  1.01073656  1.01073656
  1.01073656  1.05479339  1.06418222
  0.900000013  1.22470339  1.22470339  1.00724953  1.00724953  1.00724952
  1.00724952  1.10107285  1.21737851
  0.950000014  1.42944719  1.42944719  0.945891669  0.945891669  0.945891827
  0.945891827  1.14970506  1.42686208
