  4.
  9.99999975E-06  0.95627579  0.95627579  0.816268395  0.816268395  0.802363533
  0.815409087  0.718488387  0.823023934
  1.49999996E-05  0.956388787  0.956388787  0.827149465  0.827149465
  0.812728806  0.822347226  0.730963281  0.832587464
  1.99999995E-05  0.956490063  0.956490063  0.83227065  0.83227065  0.817067794
  0.827844326  0.739587314  0.838393332
  2.49999994E-05  0.956584125  0.956584125  0.833990193  0.833990193
  0.817924192  0.831873136  0.745487694  0.841152282
  2.99999992E-05  0.956670657  0.956670657  0.835286146  0.835286146
  0.818519649  0.834894731  0.750080407  0.842347155
  3.49999991E-05  0.956751049  0.956751049  0.838144588  0.838144588
  0.820975236  0.83750656  0.754427494  0.84452388
  3.9999999E-05  0.956828469  0.956828469  0.841797043  0.841797043
  0.824390689  0.839806304  0.758364923  0.847704812
  4.49999989E-05  0.956900937  0.956900937  0.844957873  0.844957873
  0.827317956  0.841832038  0.761607875  0.850749461
  4.99999987E-05  0.956969336  0.956969336  0.847341576  0.847341576
  0.829438608  0.843765539  0.764328776  0.853291764
  5.49999986E-05  0.957035278  0.957035278  0.848923072  0.848923072
  0.830733525  0.845733746  0.766680634  0.855241992
  5.99999985E-05  0.957101487  0.957101487  0.849981646  0.849981646
  0.831475179  0.847463745  0.768579496  0.856527358
  6.49999984E-05  0.957163863  0.957163863  0.851008859  0.851008859
  0.832196681  0.849088215  0.770470573  0.857753013
  6.99999982E-05  0.957224345  0.957224345  0.852160455  0.852160455
  0.833111699  0.850299939  0.7724757  0.859059672
  7.49999981E-05  0.957281929  0.957281929  0.853246084  0.853246084
  0.833976338  0.851465454  0.774284368  0.860296434
  7.9999998E-05  0.957339005  0.957339005  0.854116113  0.854116113
  0.834666934  0.852437149  0.775482434  0.861288379
  8.49999979E-05  0.957392916  0.957392916  0.854993997  0.854993997
  0.835361777  0.853421335  0.776687876  0.862272123
  8.99999977E-05  0.957448065  0.957448065  0.855789316  0.855789316
  0.835925634  0.854227614  0.777646447  0.862868123
  9.49999976E-05  0.957500227  0.957500227  0.856595686  0.856595686
  0.836499452  0.855052824  0.778622937  0.86347344
  9.99999975E-05  0.957552214  0.957552214  0.857529579  0.857529579
  0.837232601  0.855844255  0.780073345  0.864223667
  0.000149999996  0.958022353  0.958022353  0.864735656  0.864735656
  0.842905067  0.863026103  0.793100304  0.871891607
  0.000199999995  0.95842936  0.95842936  0.867223489  0.867223489  0.844229287
  0.868651116  0.797641956  0.876187047
  0.000249999994  0.958797233  0.958797233  0.869941357  0.869941357
  0.846054746  0.872849627  0.802702061  0.87930482
  0.000299999992  0.959133687  0.959133687  0.872786858  0.872786858
  0.848086429  0.876251373  0.808276874  0.882442756
  0.000349999991  0.959450204  0.959450204  0.874713597  0.874713597
  0.849164903  0.879273045  0.812407075  0.884974523
  0.00039999999  0.959746911  0.959746911  0.876308045  0.876308045
  0.850019897  0.882046734  0.815266294  0.887259071
  0.000449999989  0.960027872  0.960027872  0.878135542  0.878135542
  0.851361866  0.884444985  0.817302612  0.890028174
  0.000499999987  0.960299864  0.960299864  0.878942369  0.878942369
  0.851573115  0.886512352  0.819395802  0.891729148
  0.000549999986  0.960558307  0.960558307  0.879084744  0.879084744
  0.851005099  0.888447946  0.821803474  0.892207992
  0.000599999985  0.960802623  0.960802623  0.878731487  0.878731487
  0.849840626  0.890301531  0.824495981  0.891688077
  0.000649999984  0.96104693  0.96104693  0.880222326  0.880222326  0.851014166
  0.891885847  0.826762314  0.893316859
  0.000699999982  0.96127632  0.96127632  0.881718562  0.881718562  0.852208234
  0.893482009  0.828957806  0.894932906
  0.000749999981  0.961505154  0.961505154  0.882737751  0.882737751
  0.852876937  0.894919165  0.830552378  0.895873541
  0.00079999998  0.961720371  0.961720371  0.883824182  0.883824182
  0.853633871  0.896396429  0.832204604  0.896922766
  0.000849999979  0.961938786  0.961938786  0.88551645  0.88551645  0.855290989
  0.897663704  0.833991871  0.89905014
  0.000899999977  0.962144374  0.962144374  0.887231687  0.887231687
  0.856982411  0.898970402  0.835819251  0.901213752
  0.000949999976  0.962350266  0.962350266  0.888055011  0.888055011
  0.857533471  0.900149349  0.837242851  0.902359119
  0.00100000005  0.96255094  0.96255094  0.888450983  0.888450983  0.857531002
  0.901281421  0.838482931  0.90301656
  0.00150000007  0.964351215  0.964351215  0.893005641  0.893005641
  0.859474699  0.911023465  0.84900396  0.909088135
  0.00200000009  0.965908408  0.965908408  0.897937714  0.897937714
  0.863294517  0.918120351  0.857307826  0.915471782
  0.00250000012  0.967301123  0.967301123  0.900169477  0.900169477
  0.863950027  0.923822852  0.864022668  0.919040521
  0.00300000014  0.968588057  0.968588057  0.901601476  0.901601476
  0.863916614  0.928486978  0.86962425  0.920735103
  0.00350000017  0.969780977  0.969780977  0.904431718  0.904431718
  0.866166511  0.932407816  0.874683315  0.923605912
  0.00400000019  0.9709015  0.9709015  0.90753404  0.90753404  0.869051297
  0.935764471  0.879282887  0.927177315
  0.00450000021  0.971964448  0.971964448  0.909726944  0.909726944  0.87084232
  0.938790721  0.883420728  0.929880445
  0.00500000024  0.972975464  0.972975464  0.911117248  0.911117248
  0.871639338  0.941663844  0.887133884  0.931616199
  0.00550000026  0.973953694  0.973953694  0.912427462  0.912427462
  0.872497314  0.944423921  0.89023293  0.933332359
  0.00600000028  0.974895524  0.974895524  0.913748769  0.913748769
  0.873440634  0.947055955  0.892987749  0.935146711
  0.00650000031  0.975781336  0.975781336  0.915090907  0.915090907
  0.874444738  0.949703977  0.895626624  0.937032564
  0.00700000033  0.976680361  0.976680361  0.91610463  0.91610463  0.875119944
  0.951977913  0.898052919  0.938462424
  0.00750000036  0.977514583  0.977514583  0.917131048  0.917131048
  0.875814179  0.954355789  0.900541586  0.939917188
  0.00800000038  0.978365454  0.978365454  0.918337509  0.918337509
  0.876909849  0.956357724  0.902141496  0.942192913
  0.0085000004  0.979159889  0.979159889  0.919566926  0.919566926  0.878039525
  0.95846675  0.903797962  0.944506481
  0.00900000043  0.979966492  0.979966492  0.919608946  0.919608946
  0.877470879  0.960348799  0.905337273  0.945381134
  0.00950000045  0.980744241  0.980744241  0.919276298  0.919276298
  0.876345971  0.962216051  0.90687169  0.945812214
  0.00999999978  0.981490398  0.981490398  0.918883862  0.918883862
  0.875138551  0.964134696  0.908475798  0.946083916
  0.0149999997  0.988443825  0.988443825  0.92176793  0.92176793  0.87539562
  0.982892416  0.924392294  0.948648521
  0.0199999996  0.994627916  0.994627916  0.936580622  0.936580622  0.895571235
  1.00060028  0.936093407  0.963777723
  0.0249999994  1.00036775  1.00036775  0.944258505  0.944258505  0.905938457
  1.01630128  0.944826802  0.973534817
  0.0299999993  1.00533298  1.00533298  0.94792902  0.94792902  0.910856889
  1.03029118  0.952761063  0.977578331
  0.0349999992  1.00973845  1.00973845  0.952537476  0.952537476  0.917717285
  1.04129418  0.966784783  0.980923085
  0.0399999991  1.01358309  1.01358309  0.958079013  0.958079013  0.926368656
  1.04884568  0.980136482  0.985066535
  0.044999999  1.01689231  1.01689231  0.962914756  0.962914756  0.934180258
  1.05325553  0.992180537  0.988401414
  0.0499999989  1.01970957  1.01970957  0.967416201  0.967416201  0.941664565
  1.05521995  1.00323711  0.991285839
  0.0549999988  1.02208579  1.02208579  0.971835731  0.971835731  0.949177554
  1.05539008  1.01366545  0.993973338
  0.0599999987  1.02403966  1.02403966  0.976211742  0.976211742  0.956751741
  1.05359142  1.0232133  0.996549986
  0.0649999985  1.02557923  1.02557923  0.98024536  0.98024536  0.963867312
  1.05010642  1.03155642  0.998926108
  0.0699999984  1.02692265  1.02692265  0.984357069  0.984357069  0.971223893
  1.04563954  1.039883  1.00125069
  0.0749999983  1.02771988  1.02771988  0.987834835  0.987834835  0.977516419
  1.03959007  1.04643676  1.00306831
  0.0799999982  1.02842271  1.02842271  0.991484591  0.991484591  0.984184501
  1.03266612  1.05324234  1.00484974
  0.0849999981  1.02937699  1.02937699  0.994202469  0.994202469  0.98917565
  1.02569707  1.05827342  1.00693995
  0.089999998  1.03035996  1.03035996  0.996790125  0.996790125  0.993957235
  1.01815115  1.06302907  1.00912883
  0.0949999979  1.03111825  1.03111825  0.998744927  0.998744927  0.997598792
  1.01136168  1.06692504  1.01088433
  0.100000001  1.03152187  1.03152187  0.999227511  0.999227511  0.998517875
  1.00709303  1.06875534  1.01180723
  0.150000002  1.02948869  1.02948869  1.  1.  1.  1.  1.05942051  1.01831191
  0.200000003  1.02352958  1.02352958  1.  1.  1.  1.  1.01152561  1.02096829
  0.250000004  1.01485493  1.01485493  1.  1.  1.  1.  1.  1.01737109
  0.300000004  1.00339922  1.00339922  1.  1.  1.  1.  1.  1.00931824
  0.350000005  0.990409686  0.990409686  1.  1.  1.  1.  1.  0.99813861
  0.400000006  0.976760897  0.976760897  1.  1.  1.  1.  1.  0.985017684
  0.450000007  0.963202439  0.963202439  1.  1.  1.  1.  1.  0.971111745
  0.500000007  0.950050496  0.950050496  1.  1.  1.  1.  1.  0.956937596
  0.550000008  0.937979981  0.937979981  1.  1.  1.  1.  1.  0.943240899
  0.600000009  0.928140853  0.928140853  1.  1.  1.  1.  1.  0.931581927
  0.65000001  0.920694547  0.920694547  1.  1.  1.  1.  1.  0.921928336
  0.70000001  0.916610167  0.916610167  1.  1.  1.  1.  1.  0.9150925
  0.750000011  0.917840465  0.917840465  1.  1.  1.  1.  1.  0.909246979
  0.800000012  0.948924196  0.948924196  1.  1.  1.  1.  1.  0.933717879
  0.850000013  1.01803961  1.01803961  1.  1.  1.  1.  1.  1.00226676
  0.900000013  1.12570364  1.12570364  1.  1.  1.  1.  1.  1.11436848
  0.950000014  1.27648634  1.27648634  1.  1.  1.  1.  1.  1.27306183
  16.
  9.99999975E-06  0.957679346  0.957679346  0.83346862  0.83346862  0.82822011
  0.83538693  0.817865345  0.839992087
  1.49999996E-05  0.95796171  0.95796171  0.841165909  0.841165909  0.835455268
  0.841951474  0.824775491  0.847162671
  1.99999995E-05  0.958196245  0.958196245  0.845628486  0.845628486
  0.839486696  0.846742457  0.829693236  0.851815769
  2.49999994E-05  0.958400597  0.958400597  0.84840392  0.84840392  0.841885329
  0.850399481  0.833407589  0.854877355
  2.99999992E-05  0.958580902  0.958580902  0.850772041  0.850772041
  0.843940215  0.853313224  0.83639413  0.857210442
  3.49999991E-05  0.958744906  0.958744906  0.853416694  0.853416694
  0.846355556  0.855818452  0.839056984  0.859656478
  3.9999999E-05  0.958895934  0.958895934  0.856017831  0.856017831
  0.848756534  0.857975709  0.841321959  0.86208568
  4.49999989E-05  0.959036067  0.959036067  0.858239327  0.858239327
  0.850789785  0.859886106  0.843274054  0.864241756
  4.99999987E-05  0.959167204  0.959167204  0.860072906  0.860072906
  0.852445128  0.861650243  0.845019303  0.866104755
  5.49999986E-05  0.959291022  0.959291022  0.861540307  0.861540307
  0.853742126  0.863302974  0.846582843  0.867672096
  5.99999985E-05  0.959409992  0.959409992  0.862730454  0.862730454
  0.854763519  0.864734068  0.847925047  0.868930812
  6.49999984E-05  0.959521524  0.959521524  0.863890835  0.863890835
  0.855760925  0.866116855  0.849243241  0.870151994
  6.99999982E-05  0.959629816  0.959629816  0.864991994  0.864991994
  0.856728004  0.86728444  0.850454926  0.87128564
  7.49999981E-05  0.959732237  0.959732237  0.866060661  0.866060661
  0.857666847  0.868428117  0.85162306  0.872383506
  7.9999998E-05  0.959832082  0.959832082  0.866983279  0.866983279
  0.858473141  0.869429186  0.852597005  0.873316877
  8.49999979E-05  0.959926226  0.959926226  0.867921882  0.867921882
  0.859293836  0.870451355  0.853593912  0.874265631
  8.99999977E-05  0.960020237  0.960020237  0.868751844  0.868751844
  0.859997037  0.871317339  0.854486286  0.87505308
  9.49999976E-05  0.960109189  0.960109189  0.869601629  0.869601629
  0.860718764  0.872209406  0.855404741  0.875861381
  9.99999975E-05  0.960196677  0.960196677  0.870439063  0.870439063
  0.861439592  0.873040606  0.856334957  0.876669916
  0.000149999996  0.960959762  0.960959762  0.876660383  0.876660383
  0.866726424  0.879790439  0.863486701  0.883258016
  0.000199999995  0.961590105  0.961590105  0.880132522  0.880132522
  0.869548753  0.884803388  0.867748935  0.887352861
  0.000249999994  0.962140126  0.962140126  0.883219412  0.883219412
  0.872098749  0.888732808  0.871608832  0.890696966
  0.000299999992  0.962628088  0.962628088  0.885930744  0.885930744
  0.874285574  0.891985159  0.874999275  0.893632948
  0.000349999991  0.963077755  0.963077755  0.887998907  0.887998907
  0.875877827  0.894756411  0.877682749  0.896004825
  0.00039999999  0.963491596  0.963491596  0.889781058  0.889781058
  0.877243378  0.897241341  0.87988923  0.898093578
  0.000449999989  0.963877067  0.963877067  0.891447691  0.891447691
  0.878567717  0.899444585  0.881796189  0.900097141
  0.000499999987  0.964244593  0.964244593  0.892599654  0.892599654
  0.879388861  0.901400425  0.883628059  0.901589419
  0.000549999986  0.964590076  0.964590076  0.893499485  0.893499485
  0.879947948  0.903221851  0.885413098  0.902703732
  0.000599999985  0.96491431  0.96491431  0.894224097  0.894224097  0.880318925
  0.904956163  0.887174726  0.903526712
  0.000649999984  0.965232342  0.965232342  0.895522473  0.895522473
  0.881383132  0.906436616  0.888652562  0.904893477
  0.000699999982  0.965530429  0.965530429  0.896834002  0.896834002
  0.882468566  0.907935029  0.890134666  0.906275453
  0.000749999981  0.96582466  0.96582466  0.897896681  0.897896681  0.883325237
  0.909255374  0.891392193  0.90738545
  0.00079999998  0.966100999  0.966100999  0.898994279  0.898994279
  0.884220329  0.910615983  0.892686119  0.908543831
  0.000849999979  0.966375637  0.966375637  0.900137224  0.900137224
  0.885219843  0.911762445  0.893810041  0.909832604
  0.000899999977  0.966634399  0.966634399  0.901309718  0.901309718
  0.886250956  0.912953864  0.894974619  0.911159711
  0.000949999976  0.966890659  0.966890659  0.902078152  0.902078152
  0.886829401  0.914031059  0.895987247  0.912073158
  0.00100000005  0.967139275  0.967139275  0.902655733  0.902655733
  0.887190544  0.915068539  0.8969391  0.912792815
  0.00150000007  0.969318362  0.969318362  0.908073288  0.908073288
  0.891078028  0.923761023  0.904926056  0.919149981
  0.00200000009  0.971135859  0.971135859  0.912571755  0.912571755
  0.894663559  0.930177404  0.911017943  0.924456755
  0.00250000012  0.972720727  0.972720727  0.915278308  0.915278308
  0.896396974  0.935355053  0.9159514  0.927927251
  0.00300000014  0.974154263  0.974154263  0.917470283  0.917470283
  0.897785396  0.939605171  0.92006645  0.930478411
  0.00350000017  0.975462497  0.975462497  0.920114962  0.920114962
  0.899944564  0.943266636  0.923703189  0.933343476
  0.00400000019  0.976677592  0.976677592  0.922629457  0.922629457
  0.902113203  0.9464744  0.926943351  0.936197112
  0.00450000021  0.977815495  0.977815495  0.924539532  0.924539532
  0.903634133  0.949368309  0.929815908  0.938483994
  0.00500000024  0.978885256  0.978885256  0.925983969  0.925983969
  0.904650108  0.952076577  0.932412312  0.940277131
  0.00550000026  0.979911654  0.979911654  0.927311563  0.927311563
  0.905640185  0.954562518  0.934678939  0.941963066
  0.00600000028  0.98089269  0.98089269  0.92856747  0.92856747  0.906591975
  0.956893296  0.93674361  0.943594393
  0.00650000031  0.981813769  0.981813769  0.929811272  0.929811272
  0.907548749  0.959224434  0.938765115  0.945230108
  0.00700000033  0.98273109  0.98273109  0.930783121  0.930783121  0.908246713
  0.961215973  0.940471755  0.946558779
  0.00750000036  0.9835845  0.9835845  0.93177846  0.93177846  0.908969445
  0.963321241  0.942256947  0.947923953
  0.00800000038  0.984444335  0.984444335  0.932674508  0.932674508
  0.909667858  0.965122091  0.943677978  0.949351594
  0.0085000004  0.985249506  0.985249506  0.9335992  0.9335992  0.910396845
  0.967032986  0.945172128  0.950823164
  0.00900000043  0.986055641  0.986055641  0.933902363  0.933902363
  0.910360131  0.96875398  0.94655303  0.951596257
  0.00950000045  0.986831249  0.986831249  0.934011433  0.934011433
  0.910072403  0.97047251  0.947937511  0.952158931
  0.00999999978  0.987574572  0.987574572  0.934108867  0.934108867
  0.909771614  0.972229246  0.949351223  0.952675582
  0.0149999997  0.99432562  0.99432562  0.940034607  0.940034607  0.914802893
  0.987677663  0.961480304  0.959319559
  0.0199999996  1.00009684  1.00009684  0.951712406  0.951712406  0.928959969
  1.00108142  0.970711513  0.971184823
  0.0249999994  1.00521395  1.00521395  0.958273506  0.958273506  0.937055606
  1.01268171  0.978525934  0.978788327
  0.0299999993  1.00954899  1.00954899  0.962533118  0.962533118  0.942516753
  1.02307776  0.986590249  0.983478263
  0.0349999992  1.01329587  1.01329587  0.96724049  0.96724049  0.948972061
  1.03134069  0.996229206  0.987862502
  0.0399999991  1.01648821  1.01648821  0.972182296  0.972182296  0.956023334
  1.03723284  1.00495114  0.992239286
  0.044999999  1.01917026  1.01917026  0.976461078  0.976461078  0.962337146
  1.04105024  1.01261899  0.995855568
  0.0499999989  1.02139971  1.02139971  0.980381483  0.980381483  0.968285447
  1.04330079  1.01949368  0.99900327
  0.0549999988  1.02325244  1.02325244  0.984145824  0.984145824  0.974128228
  1.04441056  1.02585802  1.00187618
  0.0599999987  1.02474654  1.02474654  0.987723326  0.987723326  0.979787526
  1.0442127  1.03147665  1.004486
  0.0649999985  1.02588552  1.02588552  0.990871862  0.990871862  0.984861206
  1.04286055  1.03611947  1.0067356
  0.0699999984  1.026872  1.026872  0.994051985  0.994051985  0.990067223
  1.04089567  1.04070803  1.0088986
  0.0749999983  1.02748579  1.02748579  0.996492043  0.996492043  0.994108669
  1.03793184  1.04385551  1.01053113
  0.0799999982  1.02803676  1.02803676  0.999052631  0.999052631  0.998400006
  1.03446558  1.04712738  1.01214328
  0.0849999981  1.02864366  1.02864366  1.0007239  1.0007239  1.00122365
  1.03091091  1.04908736  1.01359065
  0.089999998  1.0292479  1.0292479  1.00222991  1.00222991  1.00379016
  1.027004  1.05077143  1.01501525
  0.0949999979  1.02967187  1.02967187  1.00329661  1.00329661  1.00563294
  1.02330996  1.05196185  1.01613131
  0.100000001  1.02979431  1.02979431  1.00332628  1.00332628  1.0057143
  1.02063688  1.05197176  1.01663027
  0.150000002  1.02639586  1.02639586  1.00099694  1.00099694  1.00176035
  1.0051893  1.03480772  1.01859216
  0.200000003  1.01958889  1.01958889  0.999859208  0.999859208  0.999747612
  0.999223313  1.00425282  1.01732976
  0.250000004  1.01025793  1.01025793  0.999774803  0.999774803  0.999598812
  0.998746218  0.99759166  1.01211356
  0.300000004  0.998538752  0.998538752  0.999748664  0.999748664  0.999558006
  0.998627895  0.99653301  1.00318993
  0.350000005  0.985680008  0.985680008  0.99972768  0.99972768  0.999530509
  0.998576718  0.995589417  0.991797829
  0.400000006  0.972414418  0.972414418  0.999710253  0.999710253  0.999513604
  0.998579379  0.994763148  0.978972515
  0.450000007  0.959382651  0.959382651  0.999697283  0.999697283  0.999508515
  0.998635077  0.994097732  0.965670921
  0.500000007  0.946909947  0.946909947  0.999692561  0.999692561  0.999519971
  0.998750081  0.993642156  0.952380083
  0.550000008  0.935698858  0.935698858  0.999701208  0.999701208  0.999552623
  0.998929703  0.993459243  0.939880816
  0.600000009  0.926804966  0.926804966  0.999727372  0.999727372  0.99960623
  0.999161364  0.993606736  0.92946896
  0.65000001  0.920507022  0.920507022  0.999783094  0.999783094  0.999694284
  0.999469448  0.994138751  0.921302217
  0.70000001  0.918013415  0.918013415  0.999954831  0.999954831  0.999938834
  0.999928246  0.995218348  0.916271368
  0.750000011  0.922994757  0.922994757  1.00044787  1.00044787  1.00044789
  1.00044789  0.997204468  0.91559912
  0.800000012  0.957402527  0.957402527  1.00073984  1.00073984  1.00073984
  1.00073984  1.0002562  0.945169403
  0.850000013  1.02688305  1.02688305  1.00045782  1.00045782  1.00045782
  1.00045782  1.00378727  1.01429951
  0.900000013  1.13233461  1.13233461  0.997674382  0.997674382  0.997674386
  0.997674386  1.00721914  1.12316382
  0.950000014  1.27872435  1.27872435  0.982656306  0.982656306  0.982656357
  0.982656357  1.00959693  1.27579025
  64.
  9.99999975E-06  0.958802097  0.958802097  0.852686619  0.852686619
  0.85000013  0.855234238  0.855987653  0.85867989
  1.49999996E-05  0.959207044  0.959207044  0.858799911  0.858799911
  0.855808768  0.860943095  0.861488259  0.864513051
  1.99999995E-05  0.959535666  0.959535666  0.86264216  0.86264216  0.859384615
  0.865072977  0.865404865  0.868433967
  2.49999994E-05  0.959816743  0.959816743  0.865341935  0.865341935
  0.86186003  0.868262216  0.868423789  0.871256948
  2.99999992E-05  0.960062553  0.960062553  0.867644824  0.867644824
  0.863974572  0.870837402  0.870886921  0.873540915
  3.49999991E-05  0.960283979  0.960283979  0.869915329  0.869915329
  0.866094239  0.873050192  0.873021931  0.875713032
  3.9999999E-05  0.960485943  0.960485943  0.871997003  0.871997003
  0.868038172  0.874957978  0.874848017  0.877702195
  4.49999989E-05  0.960672445  0.960672445  0.873783099  0.873783099
  0.869696036  0.876650943  0.876446563  0.879448171
  4.99999987E-05  0.960846046  0.960846046  0.875314118  0.875314118
  0.87110755  0.878205529  0.877892147  0.880987543
  5.49999986E-05  0.961008815  0.961008815  0.87661357  0.87661357  0.872294429
  0.8796418  0.879203072  0.882331095
  5.99999985E-05  0.961163866  0.961163866  0.877709827  0.877709827
  0.873283318  0.880886484  0.880343984  0.883459578
  6.49999984E-05  0.961308956  0.961308956  0.878782722  0.878782722
  0.874251893  0.88209965  0.881465054  0.884561949
  6.99999982E-05  0.961449231  0.961449231  0.879763375  0.879763375
  0.875143612  0.8831467  0.882461971  0.885555401
  7.49999981E-05  0.961581643  0.961581643  0.880723258  0.880723258
  0.876016262  0.88417746  0.883440984  0.886527776
  7.9999998E-05  0.961710043  0.961710043  0.881562418  0.881562418
  0.876775285  0.885084697  0.884294079  0.887371706
  8.49999979E-05  0.961831097  0.961831097  0.882420181  0.882420181
  0.877551717  0.886014917  0.885171166  0.888235553
  8.99999977E-05  0.96195103  0.96195103  0.883163461  0.883163461  0.878212853
  0.88680101  0.885933644  0.888968151
  9.49999976E-05  0.962064548  0.962064548  0.883928831  0.883928831
  0.878894845  0.887614046  0.886722982  0.889724381
  9.99999975E-05  0.962175522  0.962175522  0.884656282  0.884656282
  0.879545165  0.888369106  0.887471003  0.890448135
  0.000149999996  0.963131166  0.963131166  0.890115962  0.890115962
  0.884383359  0.894454089  0.893240312  0.89616056
  0.000199999995  0.963905695  0.963905695  0.893555839  0.893555839
  0.887384787  0.89894162  0.89715563  0.899955455
  0.000249999994  0.964571404  0.964571404  0.896459081  0.896459081
  0.889913678  0.902482189  0.900445327  0.90304842
  0.000299999992  0.965155735  0.965155735  0.898925282  0.898925282
  0.892017798  0.905444931  0.90324149  0.905683985
  0.000349999991  0.9656884  0.9656884  0.900878893  0.900878893  0.89365251
  0.907956545  0.905515958  0.907838701
  0.00039999999  0.966174842  0.966174842  0.902578844  0.902578844
  0.895071383  0.910202946  0.907483867  0.909737201
  0.000449999989  0.966625199  0.966625199  0.904103538  0.904103538
  0.896354127  0.912202909  0.909236396  0.911462435
  0.000499999987  0.967050809  0.967050809  0.905289218  0.905289218
  0.897315685  0.913979994  0.910844796  0.9128554
  0.000549999986  0.967449088  0.967449088  0.906329858  0.906329858
  0.898134908  0.915637098  0.912368558  0.914055818
  0.000599999985  0.967821821  0.967821821  0.90727712  0.90727712  0.898860047
  0.917218283  0.913840683  0.915118885
  0.000649999984  0.968184306  0.968184306  0.908426638  0.908426638
  0.899839353  0.918567435  0.915082089  0.91632432
  0.000699999982  0.968523713  0.968523713  0.909590877  0.909590877
  0.90083733  0.919937966  0.91633916  0.917548608
  0.000749999981  0.968856164  0.968856164  0.91056683  0.91056683  0.90166565
  0.921135842  0.917418029  0.918582265
  0.00079999998  0.969168363  0.969168363  0.911572218  0.911572218
  0.902523863  0.922375419  0.918534379  0.919653514
  0.000849999979  0.969476244  0.969476244  0.91249552  0.91249552  0.903324034
  0.923417896  0.919477331  0.920661124
  0.000899999977  0.969766559  0.969766559  0.913449677  0.913449677
  0.904154769  0.924506456  0.920461851  0.921706368
  0.000949999976  0.970052351  0.970052351  0.914159288  0.914159288
  0.904728203  0.925488948  0.921336059  0.922514691
  0.00100000005  0.970328954  0.970328954  0.914756801  0.914756801
  0.905181602  0.926435568  0.922170103  0.923216645
  0.00150000007  0.972723364  0.972723364  0.920067759  0.920067759
  0.909428064  0.93432805  0.929115061  0.929270733
  0.00200000009  0.97468309  0.97468309  0.924161053  0.924161053  0.912815393
  0.940182961  0.934336019  0.933980396
  0.00250000012  0.976369751  0.976369751  0.92689277  0.92689277  0.914863378
  0.944922264  0.938568781  0.937307295
  0.00300000014  0.977877481  0.977877481  0.92918139  0.92918139  0.916602305
  0.948819184  0.942074632  0.939962074
  0.00350000017  0.979242314  0.979242314  0.931588708  0.931588708
  0.918628373  0.952203423  0.945152031  0.942625907
  0.00400000019  0.980500789  0.980500789  0.933764342  0.933764342
  0.920500134  0.955187925  0.947867824  0.945100512
  0.00450000021  0.981671393  0.981671393  0.93548456  0.93548456  0.921908829
  0.957887565  0.950283652  0.947150929
  0.00500000024  0.98276574  0.98276574  0.936879151  0.936879151  0.922987285
  0.960412441  0.952490322  0.948875596
  0.00550000026  0.98380944  0.98380944  0.938143502  0.938143502  0.923995764
  0.962705625  0.954431153  0.950463139
  0.00600000028  0.984802215  0.984802215  0.939315866  0.939315866
  0.924933835  0.96485009  0.956211923  0.951959086
  0.00650000031  0.985733466  0.985733466  0.940469673  0.940469673
  0.925863893  0.966997959  0.95797184  0.953445324
  0.00700000033  0.986651426  0.986651426  0.941382378  0.941382378
  0.926569878  0.968829671  0.959448853  0.954669251
  0.00750000036  0.987507243  0.987507243  0.942325744  0.942325744
  0.927307042  0.970778607  0.961011787  0.955938231
  0.00800000038  0.988361398  0.988361398  0.943106942  0.943106942
  0.927923096  0.972439139  0.96230391  0.957094483
  0.0085000004  0.989163169  0.989163169  0.943920135  0.943920135  0.928571287
  0.974210878  0.963675876  0.958297592
  0.00900000043  0.98995864  0.98995864  0.944341812  0.944341812  0.928775234
  0.975799021  0.964918719  0.95907691
  0.00950000045  0.990723122  0.990723122  0.944646098  0.944646098
  0.928838592  0.977386572  0.9661623  0.95973624
  0.00999999978  0.991455569  0.991455569  0.94495607  0.94495607  0.928911108
  0.979010602  0.967430762  0.96038433
  0.0149999997  0.997993561  0.997993561  0.951728542  0.951728542  0.935337978
  0.992835407  0.977858976  0.968096115
  0.0199999996  1.0034318  1.0034318  0.961588573  0.961588573  0.946751059
  1.00446253  0.985941647  0.978139548
  0.0249999994  1.00810638  1.00810638  0.967423688  0.967423688  0.953718714
  1.01428083  0.992943153  0.984764948
  0.0299999993  1.01200646  1.01200646  0.971671021  0.971671021  0.959041991
  1.02291081  1.00003482  0.989486986
  0.0349999992  1.01531201  1.01531201  0.976104141  0.976104141  0.964898667
  1.02965195  1.00739541  0.99385545
  0.0399999991  1.01807525  1.01807525  0.980480402  0.980480402  0.970885582
  1.03439759  1.01381312  0.997908865
  0.044999999  1.02035126  1.02035126  0.984235499  0.984235499  0.976190379
  1.03743611  1.01929349  1.00124332
  0.0499999989  1.02220736  1.02220736  0.987631076  0.987631076  0.981116179
  1.03920673  1.02407253  1.00411346
  0.0549999988  1.02372875  1.02372875  0.990842462  0.990842462  0.985879945
  1.04005452  1.02838985  1.00668999
  0.0599999987  1.02493167  1.02493167  0.993809868  0.993809868  0.990365612
  1.03983904  1.03204079  1.00895458
  0.0649999985  1.02582081  1.02582081  0.996331425  0.996331425  0.994246817
  1.03871062  1.03487016  1.01082587
  0.0699999984  1.02658373  1.02658373  0.998856383  0.998856383  0.998197535
  1.03707649  1.03760137  1.01260521
  0.0749999983  1.0270456  1.0270456  1.00064626  1.00064626  1.00103344
  1.03473008  1.03917914  1.01387094
  0.0799999982  1.02746127  1.02746127  1.00251993  1.00251993  1.00404038
  1.03197022  1.04078965  1.01512232
  0.0849999981  1.02784601  1.02784601  1.00360002  1.00360002  1.00579652
  1.02919158  1.04143819  1.01609684
  0.089999998  1.02821441  1.02821441  1.00450946  1.00450946  1.00729342
  1.02613497  1.04183007  1.01701558
  0.0949999979  1.02843048  1.02843048  1.00508541  1.00508541  1.00826541
  1.0231728  1.04187885  1.017702
  0.100000001  1.02838181  1.02838181  1.00487806  1.00487806  1.00796621
  1.02090422  1.04117084  1.01791289
  0.150000002  1.02407892  1.02407892  1.00115323  1.00115323  1.00193909
  1.0047179  1.02264176  1.01751532
  0.200000003  1.01668739  1.01668739  0.999606888  0.999606888  0.999329068
  0.998293877  1.00050725  1.01464847
  0.250000004  1.00693316  1.00693316  0.999439444  0.999439444  0.999046019
  0.997526932  0.995344541  1.00854778
  0.300000004  0.995067288  0.995067288  0.999357153  0.999357153  0.998918421
  0.997199045  0.993474167  0.99912069
  0.350000005  0.982334671  0.982334671  0.99928972  0.99928972  0.998827011
  0.997012745  0.99179231  0.987631821
  0.400000006  0.969365328  0.969365328  0.999232226  0.999232226  0.99876381
  0.996941849  0.990292337  0.975015777
  0.450000007  0.956731424  0.956731424  0.999187551  0.999187551  0.998732866
  0.996991879  0.989054524  0.962118975
  0.500000007  0.944767362  0.944767362  0.999164844  0.999164844  0.998744954
  0.997179107  0.988174663  0.949422008
  0.550000008  0.934191558  0.934191558  0.999175741  0.999175741  0.998809351
  0.997515858  0.987786345  0.937723376
  0.600000009  0.926014091  0.926014091  0.999232253  0.999232253  0.998928529
  0.997988539  0.988015152  0.92819955
  0.65000001  0.920596917  0.920596917  0.99936209  0.99936209  0.999134429
  0.998650932  0.989005604  0.921112566
  0.70000001  0.919379375  0.919379375  0.999740132  0.999740132  0.999667972
  0.999626203  0.991139028  0.917555273
  0.750000011  0.927063593  0.927063593  1.00081767  1.00081767  1.0008177
  1.0008177  0.995193269  0.920499102
  0.800000012  0.963646367  0.963646367  1.00169097  1.00169097  1.00169098
  1.00169098  1.00143064  0.953266641
  0.850000013  1.03324711  1.03324711  1.00161871  1.00161871  1.00161871
  1.00161871  1.00885779  1.02264965
  0.900000013  1.13707471  1.13707471  0.997792489  0.997792489  0.997792492
  0.997792492  1.0165609  1.12929239
  0.950000014  1.28034824  1.28034824  0.965569001  0.965569001  0.96556911
  0.96556911  1.02258578  1.27777533
  256.
  9.99999975E-06  0.959747944  0.959747944  0.867422784  0.867422784
  0.865788597  0.869833418  0.877930364  0.872264068
  1.49999996E-05  0.960248805  0.960248805  0.872657831  0.872657831
  0.870811051  0.874941013  0.882734261  0.877350283
  1.99999995E-05  0.960650072  0.960650072  0.876090061  0.876090061
  0.874061026  0.878628881  0.886164515  0.880837157
  2.49999994E-05  0.96098996  0.96098996  0.87862096  0.87862096  0.876439537
  0.881492956  0.888829832  0.88344172
  2.99999992E-05  0.961285909  0.961285909  0.880768415  0.880768415
  0.878458148  0.883820813  0.891012362  0.885582853
  3.49999991E-05  0.961550942  0.961550942  0.882776589  0.882776589
  0.880358528  0.885820754  0.892888293  0.887537938
  3.9999999E-05  0.961791635  0.961791635  0.884566656  0.884566656
  0.882049161  0.887549133  0.894501899  0.889277916
  4.49999989E-05  0.962013187  0.962013187  0.886111404  0.886111404
  0.883501668  0.889084392  0.89592347  0.89080353
  4.99999987E-05  0.962218676  0.962218676  0.887461958  0.887461958
  0.884766342  0.890491277  0.89721473  0.892163264
  5.49999986E-05  0.962410674  0.962410674  0.88863989  0.88863989  0.885863551
  0.891785352  0.898391671  0.893370892
  5.99999985E-05  0.962592903  0.962592903  0.889648448  0.889648448
  0.88679641  0.892908485  0.899417927  0.894402667
  6.49999984E-05  0.962763213  0.962763213  0.890638011  0.890638011
  0.887712057  0.894008266  0.900428441  0.895414385
  6.99999982E-05  0.962927308  0.962927308  0.891527166  0.891527166
  0.888536847  0.894963889  0.901317621  0.896314819
  7.49999981E-05  0.963082041  0.963082041  0.892401489  0.892401489
  0.88934762  0.895907554  0.902196709  0.897201004
  7.9999998E-05  0.96323168  0.96323168  0.893168582  0.893168582  0.890055802
  0.896739218  0.902969706  0.897976017
  8.49999979E-05  0.96337274  0.96337274  0.893955466  0.893955466  0.890782771
  0.897594641  0.903767187  0.898772406
  8.99999977E-05  0.963511864  0.963511864  0.89462852  0.89462852  0.891397315
  0.898315241  0.904446238  0.899447137
  9.49999976E-05  0.96364358  0.96364358  0.895324371  0.895324371  0.892033566
  0.899062855  0.905152264  0.900146234
  9.99999975E-05  0.96377188  0.96377188  0.895976369  0.895976369  0.892630082
  0.899756397  0.905809661  0.900803949
  0.000149999996  0.964868846  0.964868846  0.900931264  0.900931264
  0.897136499  0.905347697  0.910951089  0.905970625
  0.000199999995  0.965747938  0.965747938  0.904220333  0.904220333
  0.900102127  0.909461615  0.914586703  0.909519422
  0.000249999994  0.966496591  0.966496591  0.906927969  0.906927969
  0.902528906  0.91271409  0.917545208  0.912389311
  0.000299999992  0.967149854  0.967149854  0.909206124  0.909206124
  0.904538851  0.91545453  0.920047156  0.914814829
  0.000349999991  0.967741184  0.967741184  0.911041851  0.911041851
  0.906140586  0.917773138  0.922108477  0.916811067
  0.00039999999  0.968278734  0.968278734  0.912646567  0.912646567
  0.907537993  0.91984614  0.923923378  0.918573036
  0.000449999989  0.968774606  0.968774606  0.914067652  0.914067652
  0.90877732  0.921694269  0.925546012  0.920148589
  0.000499999987  0.96924053  0.96924053  0.915229278  0.915229278  0.909772407
  0.923334569  0.927005155  0.921467666
  0.000549999986  0.969675354  0.969675354  0.916286108  0.916286108
  0.910667338  0.924866568  0.928376859  0.922656802
  0.000599999985  0.970081649  0.970081649  0.917279511  0.917279511
  0.911500657  0.926331679  0.929695668  0.923759766
  0.000649999984  0.970474606  0.970474606  0.91832455  0.91832455  0.91241553
  0.927580419  0.930808177  0.924861395
  0.000699999982  0.970842335  0.970842335  0.919385117  0.919385117
  0.913348025  0.928852779  0.931941151  0.925982754
  0.000749999981  0.971200589  0.971200589  0.920282445  0.920282445
  0.914131784  0.929959416  0.932913092  0.926940188
  0.00079999998  0.971537084  0.971537084  0.921208301  0.921208301
  0.914943669  0.93110869  0.933924108  0.92793266
  0.000849999979  0.971867417  0.971867417  0.922014515  0.922014515
  0.915650122  0.932074106  0.934771096  0.928807986
  0.000899999977  0.972179119  0.972179119  0.922852052  0.922852052
  0.916386944  0.933085905  0.935660365  0.929720468
  0.000949999976  0.972484708  0.972484708  0.923515391  0.923515391
  0.916946838  0.933997285  0.936453036  0.930466624
  0.00100000005  0.972779998  0.972779998  0.92410173  0.92410173  0.91742719
  0.934875329  0.937212331  0.931141636
  0.00150000007  0.975315658  0.975315658  0.929178899  0.929178899
  0.921700753  0.942185556  0.943512543  0.936885631
  0.00200000009  0.977365493  0.977365493  0.932966479  0.932966479
  0.924928226  0.947623214  0.948212836  0.941226084
  0.00250000012  0.979114499  0.979114499  0.935632329  0.935632329
  0.927076616  0.952033914  0.952019275  0.944424075
  0.00300000014  0.980665614  0.980665614  0.937879876  0.937879876
  0.928911481  0.955664556  0.955155945  0.94704105
  0.00350000017  0.982062086  0.982062086  0.940095332  0.940095332
  0.930821754  0.95883163  0.957899774  0.949536633
  0.00400000019  0.983343014  0.983343014  0.942050608  0.942050608
  0.932523381  0.961633846  0.960313226  0.951787272
  0.00450000021  0.984529145  0.984529145  0.943636329  0.943636329
  0.933859581  0.964173574  0.962467501  0.953691241
  0.00500000024  0.985634022  0.985634022  0.944969605  0.944969605
  0.934949153  0.966550287  0.96444709  0.955347521
  0.00550000026  0.986682892  0.986682892  0.946167453  0.946167453
  0.935946465  0.968697999  0.966190988  0.956853618
  0.00600000028  0.98767701  0.98767701  0.947268767  0.947268767  0.936863616
  0.970704913  0.967796866  0.95825775
  0.00650000031  0.988609067  0.988609067  0.948351202  0.948351202
  0.937769781  0.972718852  0.969393424  0.959649392
  0.00700000033  0.98952111  0.98952111  0.94921337  0.94921337  0.938472676
  0.974432033  0.970730344  0.96080101
  0.00750000036  0.990372949  0.990372949  0.950110965  0.950110965
  0.939211638  0.976263838  0.972156728  0.962003288
  0.00800000038  0.991216659  0.991216659  0.950832973  0.950832973
  0.939803154  0.977815418  0.973341035  0.96304024
  0.0085000004  0.992010211  0.992010211  0.951589485  0.951589485  0.94042923
  0.979478288  0.974607894  0.964126454
  0.00900000043  0.992792205  0.992792205  0.952071005  0.952071005
  0.940759906  0.980961312  0.975739117  0.964917
  0.00950000045  0.993543196  0.993543196  0.952475434  0.952475434
  0.941003277  0.982444378  0.976869399  0.965631546
  0.00999999978  0.994262647  0.994262647  0.952893498  0.952893498
  0.941265196  0.983963573  0.978024136  0.966349626
  0.0149999997  1.00059806  1.00059806  0.959860717  0.959860717  0.948132542
  0.99666322  0.987314061  0.974347729
  0.0199999996  1.00575553  1.00575553  0.968501605  0.968501605  0.95791581
  1.00713073  0.994545452  0.983257712
  0.0249999994  1.01008401  1.01008401  0.973793616  0.973793616  0.964141068
  1.01577222  1.00076561  0.989295397
  0.0299999993  1.01364994  1.01364994  0.977872558  0.977872558  0.969186364
  1.02321851  1.00686525  0.993905245
  0.0349999992  1.0166232  1.0166232  0.9819802  0.9819802  0.974500416
  1.02891591  1.01271289  0.998089332
  0.0399999991  1.01906779  1.01906779  0.985884822  0.985884822  0.979716242
  1.0328362  1.01764692  1.00181085
  0.044999999  1.02104587  1.02104587  0.989204949  0.989204949  0.984290203
  1.03526227  1.02173139  1.00484343
  0.0499999989  1.02263113  1.02263113  0.992172175  0.992172175  0.98848351
  1.03659209  1.02518417  1.00741847
  0.0549999988  1.0239124  1.0239124  0.994943641  0.994943641  0.992487005
  1.03712209  1.02821195  1.00969452
  0.0599999987  1.02490404  1.02490404  0.997446093  0.997446093  0.9961702
  1.0367363  1.03064115  1.01163872
  0.0649999985  1.02561191  1.02561191  0.999508558  0.999508558  0.999261095
  1.0355944  1.03237508  1.01318601
  0.0699999984  1.02621128  1.02621128  1.00155501  1.00155501  1.00238008
  1.03400102  1.03398006  1.0146397
  0.0749999983  1.02654749  1.02654749  1.00290189  1.00290189  1.0044627
  1.03188348  1.03466753  1.01560417
  0.0799999982  1.02684756  1.02684756  1.00430487  1.00430487  1.00666176
  1.02939002  1.03532429  1.01655452
  0.0849999981  1.02707145  1.02707145  1.00500713  1.00500713  1.00778729
  1.02694141  1.03527305  1.01720212
  0.089999998  1.0272718  1.0272718  1.00554157  1.00554157  1.00866184
  1.02425542  1.03498609  1.01778163
  0.0949999979  1.02733958  1.02733958  1.00580985  1.00580985  1.00912826
  1.02161856  1.03444098  1.01817694
  0.100000001  1.02717045  1.02717045  1.00546405  1.00546405  1.00862526
  1.0195514  1.03339913  1.0181921
  0.150000002  1.02219051  1.02219051  1.00103468  1.00103468  1.00168354
  1.00368516  1.01520573  1.01630412
  0.200000003  1.01435413  1.01435413  0.999322231  0.999322231  0.998879591
  0.997436177  0.99791264  1.01247843
  0.250000004  1.0042937  1.0042937  0.999081728  0.999081728  0.998483808
  0.996456126  0.993233073  1.00577796
  0.300000004  0.992336409  0.992336409  0.998939351  0.998939351  0.998266843
  0.995940548  0.990672655  0.99601878
  0.350000005  0.979722123  0.979722123  0.998822589  0.998822589  0.998109808
  0.9956292  0.988357677  0.984495238
  0.400000006  0.966999365  0.966999365  0.998722756  0.998722756  0.997998863
  0.995484379  0.986265743  0.972060663
  0.450000007  0.954692217  0.954692217  0.998644994  0.998644994  0.997941002
  0.995518787  0.984508903  0.95948804
  0.500000007  0.943143616  0.943143616  0.99860357  0.99860357  0.997952341
  0.995758629  0.983227508  0.947257824
  0.550000008  0.933083222  0.933083222  0.998616611  0.998616611  0.998046635
  0.996224496  0.982627045  0.936180009
  0.600000009  0.925496302  0.925496302  0.998703777  0.998703777  0.998229696
  0.996904836  0.982909055  0.927366305
  0.65000001  0.920813764  0.920813764  0.998910907  0.998910907  0.998557168
  0.997883313  0.984327379  0.92115703
  0.70000001  0.920682804  0.920682804  0.999504034  0.999504034  0.999387427
  0.999325306  0.987516223  0.918863609
  0.750000011  0.930501633  0.930501633  1.00114393  1.00114393  1.00114396
  1.00114396  0.993715593  0.924606827
  0.800000012  0.968686215  0.968686215  1.0026259  1.0026259  1.0026259
  1.0026259  1.00329216  0.959661801
  0.850000013  1.03830391  1.03830391  1.00299575  1.00299575  1.00299576
  1.00299576  1.01500162  1.02914375
  0.900000013  1.1408259  1.1408259  0.99915004  0.99915004  0.999150041
  0.999150041  1.02782795  1.13406159
  0.950000014  1.28164822  1.28164822  0.958948137  0.958948137  0.958948266
  0.958948266  1.03890312  1.27935637
  1024.
  9.99999975E-06  0.960565212  0.960565212  0.878845684  0.878845684
  0.877742673  0.880998726  0.892607188  0.882755483
  1.49999996E-05  0.961144127  0.961144127  0.883520771  0.883520771
  0.882260376  0.885670573  0.896981983  0.887353938
  1.99999995E-05  0.961604005  0.961604005  0.886664666  0.886664666
  0.885270459  0.889043399  0.900114719  0.890546783
  2.49999994E-05  0.961991117  0.961991117  0.889038872  0.889038872
  0.887532783  0.891671873  0.902558276  0.892976306
  2.99999992E-05  0.962327207  0.962327207  0.891042936  0.891042936
  0.889441642  0.893816432  0.904561215  0.894983482
  3.49999991E-05  0.962627001  0.962627001  0.892865194  0.892865194
  0.891182235  0.895659208  0.906278835  0.896778187
  3.9999999E-05  0.962898532  0.962898532  0.894468136  0.894468136
  0.892709629  0.897254734  0.907761316  0.898355923
  4.49999989E-05  0.963147855  0.963147855  0.895858126  0.895858126
  0.894029615  0.898672755  0.909071306  0.899740901
  4.99999987E-05  0.963378557  0.963378557  0.897087658  0.897087658
  0.895193871  0.899971113  0.910263884  0.90098347
  5.49999986E-05  0.963593632  0.963593632  0.898176117  0.898176117
  0.896220939  0.901163332  0.911353386  0.902097711
  5.99999985E-05  0.96379729  0.96379729  0.89911424  0.89911424  0.897101982
  0.902199051  0.912302766  0.90305701
  6.49999984E-05  0.963987496  0.963987496  0.900036473  0.900036473
  0.897968274  0.903216398  0.91323952  0.904000056
  6.99999982E-05  0.964170266  0.964170266  0.900857093  0.900857093
  0.89873951  0.904102534  0.914059763  0.904833651
  7.49999981E-05  0.9643425  0.9643425  0.901666489  0.901666489  0.899499956
  0.904979617  0.914873478  0.905656838
  7.9999998E-05  0.964508741  0.964508741  0.902377269  0.902377269
  0.900165168  0.905752678  0.915589648  0.906378774
  8.49999979E-05  0.964665457  0.964665457  0.903108482  0.903108482
  0.900849964  0.906549932  0.91633077  0.907122734
  8.99999977E-05  0.964819518  0.964819518  0.903728401  0.903728401
  0.901425515  0.907219663  0.916954209  0.907750364
  9.49999976E-05  0.964965421  0.964965421  0.904371341  0.904371341
  0.902023132  0.90791629  0.917604675  0.908402528
  9.99999975E-05  0.9651072  0.9651072  0.904969676  0.904969676  0.902579137
  0.908562215  0.91820707  0.909011254
  0.000149999996  0.96631351  0.96631351  0.909563345  0.909563345  0.906829489
  0.91377639  0.922965963  0.913802059
  0.000199999995  0.9672727  0.9672727  0.912696256  0.912696256  0.909709832
  0.91760833  0.926380533  0.917153698
  0.000249999994  0.968084329  0.968084329  0.915238492  0.915238492
  0.912030616  0.920640959  0.929117255  0.919846014
  0.000299999992  0.968789725  0.968789725  0.917371589  0.917371589
  0.913954351  0.923207837  0.931432551  0.922117182
  0.000349999991  0.969425032  0.969425032  0.919105947  0.919105947
  0.91550671  0.925376956  0.933351386  0.923994097
  0.00039999999  0.970000753  0.970000753  0.920626245  0.920626245
  0.916865086  0.927316435  0.935051977  0.925653341
  0.000449999989  0.970530449  0.970530449  0.921966753  0.921966753
  0.918062191  0.929046443  0.936570959  0.927128461
  0.000499999987  0.971026119  0.971026119  0.92309065  0.92309065  0.919055084
  0.930580183  0.937923193  0.928386236
  0.000549999986  0.971487829  0.971487829  0.924128475  0.924128475
  0.919966482  0.932014632  0.939191321  0.92954132
  0.000599999985  0.971918782  0.971918782  0.925116293  0.925116293
  0.920830172  0.933389034  0.940409485  0.930631999
  0.000649999984  0.972333919  0.972333919  0.926083365  0.926083365
  0.921693289  0.934558855  0.941435556  0.931658494
  0.000699999982  0.972722272  0.972722272  0.927066661  0.927066661
  0.92257378  0.935753886  0.942484921  0.932705321
  0.000749999981  0.97309912  0.97309912  0.927900518  0.927900518  0.923316282
  0.936789703  0.943383096  0.93360109
  0.00079999998  0.973453183  0.973453183  0.928763014  0.928763014
  0.924086729  0.937868705  0.944321512  0.934531339
  0.000849999979  0.973799621  0.973799621  0.929494697  0.929494697
  0.924736556  0.938773817  0.945103808  0.935328182
  0.000899999977  0.974126721  0.974126721  0.930257904  0.930257904
  0.92541677  0.939725288  0.945928807  0.936161975
  0.000949999976  0.974446409  0.974446409  0.930883786  0.930883786
  0.925960374  0.940580753  0.946663963  0.936863949
  0.00100000005  0.974754969  0.974754969  0.931451159  0.931451159
  0.926444896  0.941404798  0.947368991  0.937512087
  0.00150000007  0.977389312  0.977389312  0.936288785  0.936288785
  0.930643443  0.948262942  0.953206641  0.94298156
  0.00200000009  0.979499843  0.979499843  0.939836709  0.939836709
  0.933733194  0.953373054  0.957540526  0.94705617
  0.00250000012  0.981289185  0.981289185  0.942413178  0.942413178
  0.935898052  0.957524165  0.961044312  0.950132935
  0.00300000014  0.982866788  0.982866788  0.944583217  0.944583217
  0.937740689  0.960943705  0.963920516  0.952672408
  0.00350000017  0.984281314  0.984281314  0.94664439  0.94664439  0.939550944
  0.963935311  0.966431548  0.955028303
  0.00400000019  0.985573593  0.985573593  0.948440995  0.948440995
  0.941134864  0.966587569  0.968637498  0.957123104
  0.00450000021  0.986766221  0.986766221  0.949923156  0.949923156
  0.942412795  0.968994643  0.970610874  0.958919317
  0.00500000024  0.987874231  0.987874231  0.951196628  0.951196628
  0.943491227  0.97124867  0.972430281  0.960511076
  0.00550000026  0.988922142  0.988922142  0.952333451  0.952333451
  0.944465936  0.973279025  0.974032685  0.961947687
  0.00600000028  0.989912551  0.989912551  0.953374466  0.953374466
  0.945358294  0.975175603  0.97551081  0.963280651
  0.00650000031  0.990840842  0.990840842  0.95439806  0.95439806  0.9462398
  0.977082161  0.976986351  0.964601774
  0.00700000033  0.991743961  0.991743961  0.95521704  0.95521704  0.946932526
  0.978699304  0.978217551  0.96569713
  0.00750000036  0.992588799  0.992588799  0.956074699  0.956074699
  0.947664881  0.980435384  0.979539552  0.966847016
  0.00800000038  0.993420217  0.993420217  0.956758156  0.956758156
  0.948244675  0.981897441  0.980632409  0.967815382
  0.0085000004  0.994203585  0.994203585  0.957478039  0.957478039  0.948861275
  0.983470238  0.981808444  0.968835037
  0.00900000043  0.994971335  0.994971335  0.95798956  0.95798956  0.949262707
  0.984866615  0.98284749  0.969627212
  0.00950000045  0.995708287  0.995708287  0.958447735  0.958447735
  0.949606548  0.986263345  0.983884705  0.970367623
  0.00999999978  0.996414251  0.996414251  0.958923589  0.958923589
  0.949973376  0.987696073  0.984946461  0.971118909
  0.0149999997  1.00256134  1.00256134  0.965832266  0.965832266  0.956909763
  0.999521135  0.993362234  0.97909264
  0.0199999996  1.00747686  1.00747686  0.973580849  0.973580849  0.965579001
  1.00911423  0.999885906  0.987197905
  0.0249999994  1.01152258  1.01152258  0.978438729  0.978438729  0.971248211
  1.01687405  1.00539875  0.99278712
  0.0299999993  1.01481913  1.01481913  0.982306713  0.982306713  0.975991877
  1.02343948  1.01063577  0.997198945
  0.0349999992  1.01752876  1.01752876  0.986103757  0.986103757  0.980839349
  1.02835867  1.01538898  1.00112874
  0.0399999991  1.01972335  1.01972335  0.989618704  0.989618704  0.98546446
  1.03165393  1.01927501  1.00452488
  0.044999999  1.02146996  1.02146996  0.992581266  0.992581266  0.989480983
  1.03360312  1.02238595  1.00726181
  0.0499999989  1.02284643  1.02284643  0.995200676  0.995200676  0.993121344
  1.03457446  1.02492424  1.00955444
  0.0549999988  1.02394264  1.02394264  0.99762041  0.99762041  0.996557952
  1.03482963  1.02706962  1.01155221
  0.0599999987  1.02477115  1.02477115  0.999761193  0.999761193  0.999655888
  1.03427375  1.02867693  1.01321576
  0.0649999985  1.02533856  1.02533856  1.00147652  1.00147652  1.00218432
  1.03307582  1.0296939  1.01449469
  0.0699999984  1.02581009  1.02581009  1.00316181  1.00316181  1.00471189
  1.03146062  1.03056189  1.0156808
  0.0749999983  1.02604152  1.02604152  1.00419135  1.00419135  1.00628344
  1.02945685  1.03070123  1.01640998
  0.0799999982  1.02624335  1.02624335  1.00525557  1.00525557  1.00793169
  1.0270973  1.0307657  1.01712337
  0.0849999981  1.0263441  1.0263441  1.0057002  1.0057002  1.0086484
  1.02483342  1.03030835  1.01754131
  0.089999998  1.02641721  1.02641721  1.00598253  1.00598253  1.00912505
  1.02235876  1.02963465  1.01788759
  0.0949999979  1.02637249  1.02637249  1.00604489  1.00604489  1.00926965
  1.01991142  1.02875708  1.01808293
  0.100000001  1.02611282  1.02611282  1.00561366  1.00561366  1.00864867
  1.01797526  1.0275571  1.0179677
  0.150000002  1.02059978  1.02059978  1.00081481  1.00081481  1.0012944
  1.00264836  1.01019348  1.01514203
  0.200000003  1.01241183  1.01241183  0.999034442  0.999034442  0.998439746
  0.996662858  0.995882969  1.01068958
  0.250000004  1.0021202  1.0021202  0.998729981  0.998729981  0.997947954
  0.995511574  0.991277121  1.00353959
  0.300000004  0.990105339  0.990105339  0.998530625  0.998530625  0.997648597
  0.994835689  0.988119702  0.993535867
  0.350000005  0.97760167  0.97760167  0.998367636  0.998367636  0.997431769
  0.99441734  0.985256133  0.982002342
  0.400000006  0.965090611  0.965090611  0.998228553  0.998228553  0.997277782
  0.994208407  0.982644578  0.96972416
  0.450000007  0.953060827  0.953060827  0.998120777  0.998120777  0.997196399
  0.994228453  0.980424655  0.95742161
  0.500000007  0.941862963  0.941862963  0.998063196  0.998063196  0.997208318
  0.994512892  0.978778132  0.945576616
  0.550000008  0.932235341  0.932235341  0.99808008  0.99808008  0.997331526
  0.995090578  0.97797982  0.935006832
  0.600000009  0.92514939  0.92514939  0.998198129  0.998198129  0.99757566
  0.995952902  0.978309466  0.926785806
  0.65000001  0.921095773  0.921095773  0.998483147  0.998483147  0.99802358
  0.997212206  0.98013782  0.921318818
  0.70000001  0.921903217  0.921903217  0.999292166  0.999292166  0.999145039
  0.999071109  0.984365076  0.92012221
  0.750000011  0.933458651  0.933458651  1.00145638  1.00145638  1.00145642
  1.00145642  0.992705365  0.928108545
  0.800000012  0.972872226  0.972872226  1.00351658  1.00351658  1.00351658
  1.00351658  1.00563332  0.964882426
  0.850000013  1.04245036  1.04245036  1.00440223  1.00440223  1.00440223
  1.00440223  1.02179145  1.034379
  0.900000013  1.14388997  1.14388997  1.00093613  1.00093613  1.00093613
  1.00093613  1.04028475  1.13790462
  0.950000014  1.28271891  1.28271891  0.958557841  0.958557841  0.958557975
  0.958557975  1.05756775  1.28065357
  4096.
  9.99999975E-06  0.961284893  0.961284893  0.887882752  0.887882752
  0.88708368  0.889787323  0.903219346  0.891088225
  1.49999996E-05  0.961929193  0.961929193  0.892171979  0.892171979
  0.891250856  0.894134288  0.907301656  0.895342689
  1.99999995E-05  0.96243786  0.96243786  0.895104504  0.895104504  0.89408002
  0.897273652  0.910231356  0.898322647
  2.49999994E-05  0.962864146  0.962864146  0.897348778  0.897348778
  0.896237692  0.899725834  0.91252132  0.900614143
  2.99999992E-05  0.963233421  0.963233421  0.899234838  0.899234838
  0.89804965  0.901731401  0.914398957  0.90250999
  3.49999991E-05  0.963561865  0.963561865  0.900921294  0.900921294
  0.899671516  0.903455189  0.916008415  0.904184593
  3.9999999E-05  0.963858771  0.963858771  0.902394507  0.902394507
  0.901084929  0.904949681  0.917400286  0.905647926
  4.49999989E-05  0.964130875  0.964130875  0.903676849  0.903676849
  0.902311863  0.906278316  0.918632142  0.906934392
  4.99999987E-05  0.964382204  0.964382204  0.904819715  0.904819715
  0.903402953  0.907494396  0.919755035  0.90809359
  5.49999986E-05  0.964616145  0.964616145  0.905840617  0.905840617
  0.90437511  0.908610263  0.920782052  0.909139183
  5.99999985E-05  0.964837305  0.964837305  0.906723302  0.906723302  0.9052127
  0.909580134  0.921675909  0.910042766
  6.49999984E-05  0.965043739  0.965043739  0.907592414  0.907592414
  0.906037466  0.910535001  0.922559489  0.91093274
  6.99999982E-05  0.965241686  0.965241686  0.908360884  0.908360884
  0.906766432  0.911367379  0.923330808  0.911715979
  7.49999981E-05  0.96542815  0.96542815  0.909120567  0.909120567  0.907486855
  0.912192795  0.924097733  0.91249128
  7.9999998E-05  0.965607833  0.965607833  0.909787637  0.909787637
  0.908117316  0.912920072  0.924772007  0.913171836
  8.49999979E-05  0.965777241  0.965777241  0.910475559  0.910475559
  0.908767877  0.913671803  0.92547166  0.913874782
  8.99999977E-05  0.965943371  0.965943371  0.911055031  0.911055031
  0.90931217  0.914301753  0.926055789  0.914465342
  9.49999976E-05  0.966100738  0.966100738  0.911657585  0.911657585
  0.909878711  0.914958442  0.926667005  0.915080441
  9.99999975E-05  0.966253395  0.966253395  0.912216291  0.912216291
  0.910403719  0.915567153  0.927231976  0.915652196
  0.000149999996  0.967547518  0.967547518  0.916539145  0.916539145
  0.914452259  0.920486382  0.931723256  0.920165843
  0.000199999995  0.968570474  0.968570474  0.91953384  0.91953384  0.917241739
  0.924098581  0.934963334  0.92335778
  0.000249999994  0.969431869  0.969431869  0.921941547  0.921941547
  0.91946844  0.926959005  0.937539447  0.925909138
  0.000299999992  0.970178269  0.970178269  0.923960768  0.923960768
  0.921317862  0.929387749  0.939721619  0.928061646
  0.000349999991  0.970847935  0.970847935  0.925611076  0.925611076
  0.922820737  0.931438153  0.941534877  0.929844966
  0.00039999999  0.97145337  0.97145337  0.927060415  0.927060415  0.924138461
  0.933271748  0.943146128  0.931423348
  0.000449999989  0.972009256  0.972009256  0.928336452  0.928336452
  0.925297173  0.934907627  0.944582873  0.932823335
  0.000499999987  0.972527834  0.972527834  0.929421817  0.929421817
  0.92627539  0.936356538  0.945854677  0.934029295
  0.000549999986  0.973010187  0.973010187  0.930431263  0.930431263
  0.927181845  0.937713197  0.947046502  0.935146856
  0.000599999985  0.97346005  0.97346005  0.931397704  0.931397704  0.928047554
  0.93901505  0.948191605  0.936211095
  0.000649999984  0.973892028  0.973892028  0.93230446  0.93230446  0.928868518
  0.940121515  0.949154132  0.937179813
  0.000699999982  0.97429607  0.97429607  0.933228076  0.933228076  0.929706977
  0.941254352  0.950141829  0.938169421
  0.000749999981  0.974686935  0.974686935  0.934011269  0.934011269
  0.93041432  0.942233625  0.950985073  0.939015902
  0.00079999998  0.975054277  0.975054277  0.934823443  0.934823443
  0.931149858  0.94325641  0.951869339  0.939896863
  0.000849999979  0.975412769  0.975412769  0.935502544  0.935502544
  0.931760397  0.944112996  0.952603479  0.940640094
  0.000899999977  0.975751439  0.975751439  0.936213298  0.936213298
  0.932401439  0.945015783  0.953380546  0.941420165
  0.000949999976  0.976081623  0.976081623  0.936808443  0.936808443
  0.932928899  0.945826142  0.954071997  0.942087883
  0.00100000005  0.976400024  0.976400024  0.937356019  0.937356019
  0.933409016  0.946606621  0.954735299  0.942711545
  0.00150000007  0.979106405  0.979106405  0.941977379  0.941977379
  0.937503704  0.953102011  0.960218885  0.94794502
  0.00200000009  0.981259551  0.981259551  0.945332752  0.945332752
  0.940474737  0.957947261  0.964274786  0.951813247
  0.00250000012  0.983075904  0.983075904  0.947818683  0.947818683
  0.942621794  0.961887385  0.967547905  0.954779806
  0.00300000014  0.984669935  0.984669935  0.949905779  0.949905779
  0.944439621  0.965134771  0.970226357  0.957235048
  0.00350000017  0.986094526  0.986094526  0.951841617  0.951841617
  0.946164512  0.967981543  0.972561609  0.959474906
  0.00400000019  0.98739181  0.98739181  0.953516983  0.953516983  0.94765925
  0.970508689  0.974611702  0.961451726
  0.00450000021  0.98858586  0.98858586  0.954916007  0.954916007  0.94888765
  0.972804326  0.976447846  0.963162585
  0.00500000024  0.989692876  0.989692876  0.956135078  0.956135078
  0.949946237  0.974955117  0.978143813  0.964696056
  0.00550000026  0.99073658  0.99073658  0.957218141  0.957218141  0.950895102
  0.976887902  0.979635853  0.966073046
  0.00600000028  0.991720696  0.991720696  0.958207926  0.958207926
  0.951762242  0.978692855  0.981013042  0.967347682
  0.00650000031  0.992642902  0.992642902  0.959182177  0.959182177
  0.952619639  0.980510052  0.982391789  0.968612088
  0.00700000033  0.993535789  0.993535789  0.959964198  0.959964198
  0.953299246  0.982046798  0.983537036  0.96966118
  0.00750000036  0.994372225  0.994372225  0.960787181  0.960787181
  0.954021089  0.983702204  0.984773157  0.970767532
  0.00800000038  0.995190846  0.995190846  0.961441763  0.961441763
  0.954592204  0.985088944  0.985788195  0.97168859
  0.0085000004  0.995963338  0.995963338  0.962134233  0.962134233  0.955201987
  0.986585537  0.98688593  0.972662568
  0.00900000043  0.996716963  0.996716963  0.962659954  0.962659954
  0.955644544  0.987908996  0.987847692  0.9734495
  0.00950000045  0.997440088  0.997440088  0.96314751  0.96314751  0.956047787
  0.989232976  0.98880709  0.974199439
  0.00999999978  0.99813281  0.99813281  0.963654949  0.963654949  0.956476261
  0.990592806  0.989791019  0.974964354
  0.0149999997  1.00410631  1.00410631  0.970405213  0.970405213  0.963328289
  1.00170355  0.997493993  0.98279071
  0.0199999996  1.00881013  1.00881013  0.977463595  0.977463595  0.971171298
  1.010595  1.00341042  0.990276989
  0.0249999994  1.01261782  1.01261782  0.981962821  0.981962821  0.976397848
  1.01765532  1.00830198  0.995495736
  0.0299999993  1.01568988  1.01568988  0.985618021  0.985618021  0.98085448
  1.02352928  1.01281297  0.999686637
  0.0349999992  1.0181825  1.0181825  0.989135847  0.989135847  0.985305326
  1.02783986  1.0167318  1.00335743
  0.0399999991  1.02017315  1.02017315  0.992326504  0.992326504  0.989461254
  1.03064401  1.01983349  1.00646041
  0.044999999  1.02173235  1.02173235  0.99499283  0.99499283  0.993037076
  1.03221484  1.02222508  1.00893264
  0.0499999989  1.02294068  1.02294068  0.997326627  0.997326627  0.996243957
  1.03289718  1.02409523  1.01097627
  0.0549999988  1.02388772  1.02388772  0.999460487  0.999460487  0.9992401
  1.03292583  1.02560102  1.01273305
  0.0599999987  1.02458447  1.02458447  1.00131286  1.00131286  1.00189075
  1.03222392  1.02662247  1.01416107
  0.0649999985  1.02503793  1.02503793  1.00275719  1.00275719  1.00399752
  1.03096793  1.02714107  1.01522227
  0.0699999984  1.02540489  1.02540489  1.00416084  1.00416084  1.00608204
  1.02931899  1.02749757  1.0161922
  0.0749999983  1.02554757  1.02554757  1.00495287  1.00495287  1.00728506
  1.02738461  1.02727708  1.01673844
  0.0799999982  1.025665  1.025665  1.00576253  1.00576253  1.0085345
  1.02510707  1.02694996  1.01726648
  0.0849999981  1.02566731  1.02566731  1.00602182  1.00602182  1.0089673
  1.02296537  1.02624114  1.01751718
  0.089999998  1.02563945  1.02563945  1.00612504  1.00612504  1.00917108
  1.0206321  1.02533302  1.01769605
  0.0949999979  1.02550522  1.02550522  1.00604185  1.00604185  1.00909616
  1.01831404  1.02425852  1.01774803
  0.100000001  1.02517401  1.02517401  1.00555541  1.00555541  1.00840289
  1.01647523  1.02298568  1.01754193
  0.150000002  1.01922372  1.01922372  1.00056039  1.00056039  1.00087342
  1.0017043  1.00653639  1.01407862
  0.200000003  1.01074762  1.01074762  0.998754357  0.998754357  0.998021598
  0.995965011  0.994174404  1.00916763
  0.250000004  1.00027362  1.00027362  0.998393054  0.998393054  0.99744605
  0.994669066  0.989462934  1.00166111
  0.300000004  0.988221572  0.988221572  0.998141198  0.998141198  0.99707236
  0.993855488  0.985777047  0.991468614
  0.350000005  0.975820617  0.975820617  0.997936064  0.997936064  0.996802228
  0.993345698  0.982428178  0.979939605
  0.400000006  0.963495313  0.963495313  0.997761567  0.997761567  0.996610325
  0.993082101  0.979353295  0.967800362
  0.450000007  0.951707163  0.951707163  0.997627292  0.997627292  0.996508996
  0.993090687  0.976716618  0.955731227
  0.500000007  0.940813814  0.940813814  0.997556305  0.997556305  0.996522906
  0.993415362  0.974738632  0.944216234
  0.550000008  0.931560926  0.931560926  0.997578652  0.997578652  0.99667415
  0.994092959  0.973760582  0.934078873
  0.600000009  0.924912288  0.924912288  0.997727645  0.997727645  0.996976687
  0.995118126  0.974140421  0.926369049
  0.65000001  0.921412145  0.921412145  0.998090444  0.998090444  0.997542844
  0.996630488  0.976368651  0.921549497
  0.70000001  0.923048472  0.923048472  0.999113379  0.999113379  0.998946228
  0.998865931  0.981615383  0.92132232
  0.750000011  0.936067378  0.936067378  1.00176571  1.00176571  1.00176575
  1.00176575  0.992068793  0.931174218
  0.800000012  0.97646876  0.97646876  1.00436591  1.00436591  1.00436591
  1.00436591  1.00831471  0.969306447
  0.850000013  1.04597882  1.04597882  1.0057824  1.0057824  1.0057824
  1.0057824  1.02899334  1.03877317
  0.900000013  1.14649124  1.14649124  1.00286323  1.00286323  1.00286323
  1.00286323  1.05352831  1.14113053
  0.950000014  1.28363473  1.28363473  0.960799074  0.960799074  0.960799192
  0.960799192  1.07801473  1.28175808
  16384.
  9.99999975E-06  0.961928321  0.961928321  0.895234379  0.895234379
  0.894625556  0.896926062  0.911341091  0.897908215
  1.49999996E-05  0.96262856  0.96262856  0.899239703  0.899239703  0.898532786
  0.901020523  0.915206796  0.90190446
  1.99999995E-05  0.963178763  0.963178763  0.902009494  0.902009494
  0.901219675  0.903978904  0.917985529  0.904721191
  2.49999994E-05  0.963638295  0.963638295  0.904146306  0.904146306
  0.903286842  0.906293477  0.92016014  0.906901184
  2.99999992E-05  0.964035651  0.964035651  0.905935562  0.905935562
  0.905016214  0.908189538  0.921943418  0.908704967
  3.49999991E-05  0.964388265  0.964388265  0.907518357  0.907518357
  0.906546228  0.909819653  0.923472188  0.910286173
  3.9999999E-05  0.964706546  0.964706546  0.908895641  0.908895641  0.90787464
  0.91123425  0.924795824  0.911663479
  4.49999989E-05  0.96499779  0.96499779  0.910098005  0.910098005  0.909031699
  0.912492088  0.925968303  0.912875981
  4.99999987E-05  0.965266414  0.965266414  0.911175083  0.911175083
  0.910066363  0.913643221  0.927037963  0.913971817
  5.49999986E-05  0.965516162  0.965516162  0.912142858  0.912142858
  0.910994156  0.914699171  0.928016865  0.914964034
  5.99999985E-05  0.965751953  0.965751953  0.912980876  0.912980876
  0.91179529  0.915617125  0.928867799  0.915823107
  6.49999984E-05  0.965971956  0.965971956  0.913807119  0.913807119
  0.912585169  0.916522543  0.929710292  0.916670552
  6.99999982E-05  0.966182543  0.966182543  0.914534441  0.914534441
  0.913279889  0.917311891  0.930444089  0.917414056
  7.49999981E-05  0.966380841  0.966380841  0.915254749  0.915254749
  0.913967733  0.918095856  0.931174988  0.918151369
  7.9999998E-05  0.966571714  0.966571714  0.915886926  0.915886926
  0.914569613  0.918786247  0.931816634  0.918798626
  8.49999979E-05  0.966751673  0.966751673  0.916540238  0.916540238
  0.915191969  0.919501245  0.932484026  0.919468505
  8.99999977E-05  0.966927789  0.966927789  0.91708786  0.91708786  0.915710758
  0.920099121  0.933038362  0.920029267
  9.49999976E-05  0.967094659  0.967094659  0.917658555  0.917658555
  0.91625188  0.920723565  0.933619837  0.920614507
  9.99999975E-05  0.967256316  0.967256316  0.918186588  0.918186588
  0.916752218  0.921302246  0.934156902  0.921157232
  0.000149999996  0.968622793  0.968622793  0.922296221  0.922296221
  0.920635499  0.925982611  0.938442574  0.925454167
  0.000199999995  0.969697871  0.969697871  0.925170862  0.925170862
  0.923338414  0.929417103  0.941540029  0.928513059
  0.000249999994  0.970599672  0.970599672  0.927467391  0.927467391
  0.925482921  0.93213781  0.9439914  0.93094927
  0.000299999992  0.971379211  0.971379211  0.929393993  0.929393993
  0.92726774  0.934453146  0.946070349  0.933006171
  0.000349999991  0.972076471  0.972076471  0.930973585  0.930973585
  0.928724267  0.936406162  0.947799556  0.934712881
  0.00039999999  0.972705679  0.972705679  0.93236269  0.93236269  0.930003191
  0.938152911  0.949337706  0.936224807
  0.000449999989  0.973282417  0.973282417  0.933585203  0.933585203
  0.931127014  0.939711368  0.950707085  0.937564567
  0.000499999987  0.973819137  0.973819137  0.934634148  0.934634148
  0.932085791  0.941090633  0.951915008  0.938725688
  0.000549999986  0.974317789  0.974317789  0.9356134  0.9356134  0.932978567
  0.942383288  0.953046817  0.939806982
  0.000599999985  0.974782565  0.974782565  0.93655374  0.93655374  0.933834512
  0.943625275  0.954134823  0.940841392
  0.000649999984  0.975227695  0.975227695  0.937411948  0.937411948
  0.934620096  0.944679323  0.955047314  0.941763469
  0.000699999982  0.97564401  0.97564401  0.938287568  0.938287568  0.935423433
  0.94576064  0.955986303  0.942706953
  0.000749999981  0.976045745  0.976045745  0.939029407  0.939029407
  0.936100754  0.946693299  0.956785956  0.943513032
  0.00079999998  0.976423419  0.976423419  0.939800552  0.939800552
  0.936806589  0.947669633  0.957627134  0.944353739
  0.000849999979  0.97679118  0.97679118  0.940439732  0.940439732  0.937387218
  0.948485943  0.958322918  0.945056775
  0.000899999977  0.977138793  0.977138793  0.941110585  0.941110585
  0.937998421  0.949348224  0.959061694  0.945796564
  0.000949999976  0.977476998  0.977476998  0.941679808  0.941679808
  0.938510477  0.950121107  0.959717966  0.946436145
  0.00100000005  0.977802902  0.977802902  0.94220848  0.94220848  0.938982557
  0.950865349  0.960347482  0.947037746
  0.00150000007  0.980563263  0.980563263  0.946637975  0.946637975
  0.942966401  0.957060057  0.965545058  0.952066179
  0.00200000009  0.982746936  0.982746936  0.949833362  0.949833362
  0.945832678  0.961684523  0.969377591  0.955765332
  0.00250000012  0.984581506  0.984581506  0.952232983  0.952232983
  0.947946035  0.965448057  0.972464986  0.958631685
  0.00300000014  0.986185414  0.986185414  0.954239953  0.954239953
  0.949725663  0.968550929  0.974984648  0.961004891
  0.00350000017  0.987614971  0.987614971  0.956071356  0.956071356
  0.951376386  0.971275061  0.977179159  0.963146255
  0.00400000019  0.988913265  0.988913265  0.957649511  0.957649511  0.952799
  0.97369548  0.979104521  0.965028283
  0.00450000021  0.990105574  0.990105574  0.958979176  0.958979176
  0.953983529  0.975895533  0.980829781  0.966667966
  0.00500000024  0.991209093  0.991209093  0.960149074  0.960149074
  0.955018456  0.977957579  0.982424826  0.968148704
  0.00550000026  0.992246709  0.992246709  0.961184598  0.961184598
  0.955940726  0.979807078  0.983825885  0.969473448
  0.00600000028  0.993223129  0.993223129  0.962129979  0.962129979
  0.956783044  0.981533801  0.985119061  0.970698256
  0.00650000031  0.994138003  0.994138003  0.963061722  0.963061722  0.95761701
  0.983274505  0.986416362  0.971914642
  0.00700000033  0.995020077  0.995020077  0.963811432  0.963811432
  0.958282032  0.984742245  0.987488678  0.972923982
  0.00750000036  0.995847449  0.995847449  0.964603717  0.964603717
  0.958991189  0.986328002  0.988651129  0.973992576
  0.00800000038  0.996653255  0.996653255  0.965234536  0.965234536
  0.959553839  0.987650005  0.989598831  0.974876885
  0.0085000004  0.99741474  0.99741474  0.965904338  0.965904338  0.960156617
  0.989080766  0.9906281  0.975815356
  0.00900000043  0.998154659  0.998154659  0.966435003  0.966435003
  0.960622882  0.990341569  0.991523588  0.97659262
  0.00950000045  0.998864423  0.998864423  0.966937752  0.966937752
  0.961061799  0.991602983  0.992416339  0.97734253
  0.00999999978  0.999544359  0.999544359  0.967461597  0.967461597
  0.961527069  0.99290005  0.993333437  0.978109849
  0.0149999997  1.00535768  1.00535768  0.97401295  0.97401295  0.968225696
  1.00340832  1.00043272  0.985737634
  0.0199999996  1.00987381  1.00987381  0.980516422  0.980516422  0.975422249
  1.01171572  1.005819  0.992723224
  0.0249999994  1.01347682  1.01347682  0.984712202  0.984712202  0.980282646
  1.01820134  1.01016867  0.997624559
  0.0299999993  1.01635746  1.01635746  0.98816566  0.98816566  0.98447585
  1.02351349  1.01406972  1.00159596
  0.0349999992  1.01866695  1.01866695  0.991436234  0.991436234  0.988587633
  1.02733241  1.01733088  1.00502323
  0.0399999991  1.02048681  1.02048681  0.994353798  0.994353798  0.992360736
  1.02973987  1.01982431  1.00786829
  0.044999999  1.02189006  1.02189006  0.996771772  0.996771772  0.995578754
  1.0310044  1.02166524  1.01010939
  0.0499999989  1.022959  1.022959  0.998867902  0.998867902  0.99843629
  1.03145144  1.02302978  1.01193824
  0.0549999988  1.02378227  1.02378227  1.00076573  1.00076573  1.00108004
  1.03129408  1.02405559  1.01348973
  0.0599999987  1.02436947  1.02436947  1.00238354  1.00238354  1.0033777
  1.03047085  1.02464471  1.0147215
  0.0649999985  1.0247278  1.0247278  1.00361131  1.00361131  1.00515711
  1.02916386  1.02480429  1.01560566
  0.0699999984  1.02500681  1.02500681  1.00479012  1.00479012  1.00689798
  1.02748247  1.02479338  1.01640031
  0.0749999983  1.02507334  1.02507334  1.00539906  1.00539906  1.00782446
  1.02559678  1.02432798  1.01680283
  0.0799999982  1.0251176  1.0251176  1.0060118  1.0060118  1.00877362
  1.0233767  1.0237328  1.01718454
  0.0849999981  1.02503901  1.02503901  1.00613309  1.00613309  1.00900039
  1.02132441  1.02286336  1.0173099
  0.089999998  1.0249286  1.0249286  1.00610448  1.00610448  1.00900855
  1.01909526  1.02180945  1.01736465
  0.0949999979  1.02472101  1.02472101  1.00591482  1.00591482  1.00877726
  1.01687391  1.02061623  1.01731041
  0.100000001  1.02433148  1.02433148  1.00539185  1.00539185  1.00803852
  1.01511263  1.01931579  1.01703872
  0.150000002  1.01801394  1.01801394  1.00029852  1.00029852  1.00045711
  1.00086107  1.00373272  1.01311673
  0.200000003  1.00929697  1.00929697  0.99848656  0.99848656  0.99762875
  0.995332148  0.992684765  1.00784738
  0.250000004  0.998675941  0.998675941  0.998074422  0.998074422  0.996979307
  0.993911097  0.987785425  1.0000496
  0.300000004  0.986600764  0.986600764  0.997774837  0.997774837  0.996539197
  0.992978603  0.983630176  0.989708173
  0.350000005  0.974295495  0.974295495  0.997531834  0.997531834  0.996222054
  0.992390659  0.979852169  0.978193568
  0.400000006  0.962135677  0.962135677  0.997325847  0.997325847  0.995997206
  0.992081015  0.976366761  0.966180293
  0.450000007  0.950561383  0.950561383  0.997168572  0.997168572  0.995879367
  0.992081591  0.973360407  0.954317359
  0.500000007  0.939936696  0.939936696  0.997086855  0.997086855  0.995896735
  0.99244409  0.971089664  0.943091072
  0.550000008  0.931013678  0.931013678  0.997116152  0.997116152  0.996075339
  0.993212814  0.969958349  0.933329684
  0.600000009  0.924752265  0.924752265  0.997296042  0.997296042  0.996433877
  0.994385702  0.970399758  0.92606817
  0.65000001  0.921745278  0.921745278  0.997735913  0.997735913  0.997115267
  0.996128021  0.97302233  0.921821134
  0.70000001  0.924120227  0.924120227  0.998968042  0.998968042  0.998788509
  0.998705323  0.979258888  0.922456193
  0.750000011  0.938392357  0.938392357  1.00207284  1.00207284  1.00207287
  1.00207287  0.991751692  0.933885919
  0.800000012  0.979604771  0.979604771  1.00517211  1.00517211  1.00517211
  1.00517211  1.0111866  0.973116429
  0.850000013  1.04903018  1.04903018  1.00710779  1.00710779  1.00710779
  1.00710779  1.03627846  1.0425256
  0.900000013  1.14873579  1.14873579  1.00480295  1.00480295  1.00480294
  1.00480294  1.06691351  1.14388394
  0.950000014  1.28442975  1.28442975  0.964171786  0.964171786  0.964171891
  0.964171891  1.09916839  1.2827112
