  4.
  9.99999975E-06  0.95627579  0.95627579  0.791969682  0.79197051  0.780866741
  0.791451745  0.692897606  0.797475396
  1.49999996E-05  0.956388787  0.956388787  0.801392034  0.801289084
  0.789443943  0.798452623  0.701293053  0.807336474
  1.99999995E-05  0.956490063  0.956490063  0.805587365  0.805489318
  0.792790292  0.804127727  0.707736175  0.813266027
  2.49999994E-05  0.956584125  0.956584125  0.806853677  0.806812537
  0.793279632  0.808415729  0.712762564  0.816107343
  2.99999992E-05  0.956670657  0.956670657  0.808116194  0.80810848
  0.793939447  0.811721648  0.717075656  0.817527464
  3.49999991E-05  0.956751049  0.956751049  0.811268351  0.811228214
  0.796709257  0.814595863  0.721183003  0.820133541
  3.9999999E-05  0.956828469  0.956828469  0.815400054  0.815305784
  0.800601551  0.817125551  0.724879858  0.82386611
  4.49999989E-05  0.956900937  0.956900937  0.819070941  0.818955652
  0.80407168  0.819364256  0.727971818  0.827474616
  4.99999987E-05  0.956969336  0.956969336  0.821920968  0.821825985
  0.806714158  0.821521859  0.730647994  0.830539549
  5.49999986E-05  0.957035278  0.957035278  0.823888485  0.823852118
  0.808448954  0.823745343  0.733062535  0.832939197
  5.99999985E-05  0.957101487  0.957101487  0.825286084  0.825257488
  0.809582552  0.825754766  0.735072484  0.834614616
  6.49999984E-05  0.957163863  0.957163863  0.826652293  0.826615229
  0.810692483  0.827666444  0.737076753  0.836229615
  6.99999982E-05  0.957224345  0.957224345  0.828154232  0.828073117
  0.811987208  0.82916105  0.739169072  0.837937931
  7.49999981E-05  0.957281929  0.957281929  0.829595109  0.829483837
  0.813232305  0.830612041  0.741041658  0.839591174
  7.9999998E-05  0.957339005  0.957339005  0.83081953  0.830715828  0.814287506
  0.831858992  0.742238715  0.841018819
  8.49999979E-05  0.957392916  0.957392916  0.832052722  0.831956086
  0.815354332  0.833122752  0.743443154  0.84244214
  8.99999977E-05  0.957448065  0.957448065  0.833138215  0.833040029
  0.816292135  0.834169072  0.744401097  0.843410783
  9.49999976E-05  0.957500227  0.957500227  0.834238791  0.834139033  0.8172465
  0.835239958  0.745376946  0.844394566
  9.99999975E-05  0.957552214  0.957552214  0.835418413  0.83531775
  0.818311599  0.836256582  0.746886019  0.84546026
  0.000149999996  0.958022353  0.958022353  0.844186121  0.844049223
  0.825976545  0.845092613  0.761696016  0.854906764
  0.000199999995  0.95842936  0.95842936  0.847522189  0.847323463  0.828034297
  0.851598946  0.768516983  0.859864767
  0.000249999994  0.958797233  0.958797233  0.850941055  0.850726659
  0.830621974  0.856525827  0.775044194  0.863628941
  0.000299999992  0.959133687  0.959133687  0.854384691  0.854184557
  0.833483656  0.860605712  0.781576947  0.867421765
  0.000349999991  0.959450204  0.959450204  0.856731928  0.85654366
  0.835225977  0.86416837  0.786595646  0.870411483
  0.00039999999  0.959746911  0.959746911  0.858710572  0.858508981
  0.836615355  0.867392513  0.790252195  0.873086917
  0.000449999989  0.960027872  0.960027872  0.860990713  0.860739074
  0.838413048  0.870191824  0.792839933  0.876351283
  0.000499999987  0.960299864  0.960299864  0.862076099  0.861784979
  0.838937484  0.8726043  0.795409523  0.878401391
  0.000549999986  0.960558307  0.960558307  0.862357479  0.862051495
  0.838612779  0.874849583  0.798336223  0.879027564
  0.000599999985  0.960802623  0.960802623  0.862035377  0.861735461
  0.837642641  0.876986783  0.801594809  0.878487171
  0.000649999984  0.96104693  0.96104693  0.863815697  0.863516167  0.839155977
  0.878820108  0.804316692  0.880369446
  0.000699999982  0.96127632  0.96127632  0.86560761  0.86530815  0.840702219
  0.880667582  0.806949298  0.882247384
  0.000749999981  0.961505154  0.961505154  0.866879246  0.866579253
  0.84171999  0.882331892  0.808842091  0.883415347
  0.00079999998  0.961720371  0.961720371  0.868225171  0.867924391
  0.842830607  0.884042387  0.810806833  0.884702594
  0.000849999979  0.961938786  0.961938786  0.870203546  0.869898808
  0.844776635  0.885506288  0.812977271  0.887128346
  0.000899999977  0.962144374  0.962144374  0.87220877  0.871900023
  0.846762944  0.887015731  0.815196425  0.889595419
  0.000949999976  0.962350266  0.962350266  0.873209366  0.872863578
  0.847532037  0.888374142  0.81689454  0.890930254
  0.00100000005  0.96255094  0.96255094  0.873729077  0.87332998  0.847712035
  0.889676633  0.818354392  0.891722963
  0.00150000007  0.964351215  0.964351215  0.879356957  0.87874585  0.85108905
  0.900812045  0.830759268  0.898888057
  0.00200000009  0.965908408  0.965908408  0.885115678  0.884607705
  0.855881529  0.908825618  0.840585482  0.906137062
  0.00250000012  0.967301123  0.967301123  0.887768352  0.887263003
  0.857249213  0.915237702  0.848435028  0.910191462
  0.00300000014  0.968588057  0.968588057  0.889528761  0.888933069
  0.857815532  0.920469199  0.854915204  0.912151701
  0.00350000017  0.969780977  0.969780977  0.892873982  0.892209517  0.86064638
  0.924846044  0.860767757  0.915437948
  0.00400000019  0.9709015  0.9709015  0.896485607  0.895789252  0.864017158
  0.928584947  0.866050041  0.919489238
  0.00450000021  0.971964448  0.971964448  0.899018043  0.898313258
  0.866164425  0.931958939  0.870744167  0.9225236
  0.00500000024  0.972975464  0.972975464  0.90062383  0.899923373  0.867242554
  0.93516108  0.87493229  0.92445276
  0.00550000026  0.973953694  0.973953694  0.902183082  0.90149159  0.868408439
  0.938212744  0.878487813  0.926419679
  0.00600000028  0.974895524  0.974895524  0.903715266  0.903002056
  0.869598382  0.941101162  0.881659659  0.928443477
  0.00650000031  0.975781336  0.975781336  0.905251955  0.904501683
  0.870822879  0.94399519  0.884704441  0.930521083
  0.00700000033  0.976680361  0.976680361  0.906426849  0.905645559
  0.871622739  0.946454152  0.887424423  0.932086919
  0.00750000036  0.977514583  0.977514583  0.90761699  0.90680502  0.87244406
  0.949024411  0.890212358  0.933680416
  0.00800000038  0.978365454  0.978365454  0.909018991  0.908217016
  0.873730938  0.9511716  0.892018655  0.936212018
  0.0085000004  0.979159889  0.979159889  0.910447673  0.909655887  0.87505775
  0.953433649  0.893888804  0.938785716
  0.00900000043  0.979966492  0.979966492  0.910533063  0.909714454
  0.874603522  0.955448467  0.895655282  0.939749827
  0.00950000045  0.980744241  0.980744241  0.910195046  0.9093376  0.873568635
  0.957446034  0.897426088  0.940217588
  0.00999999978  0.981490398  0.981490398  0.90979121  0.908893559  0.872437609
  0.959497766  0.899270011  0.940511635
  0.0149999997  0.988443825  0.988443825  0.913107365  0.912027299  0.872575071
  0.979440412  0.916944511  0.943247688
  0.0199999996  0.994627916  0.994627916  0.929378811  0.928478456  0.892371167
  0.998101547  0.929493323  0.959545723
  0.0249999994  1.00036775  1.00036775  0.937840151  0.937008641  0.902228998
  1.01456723  0.938967372  0.96996611
  0.0299999993  1.00533298  1.00533298  0.941932045  0.941135273  0.906663345
  1.02921138  0.947656752  0.974244741
  0.0349999992  1.00973845  1.00973845  0.947071806  0.94640446  0.913210308
  1.04072915  0.962378322  0.977857192
  0.0399999991  1.01358309  1.01358309  0.953278252  0.952776735  0.92177416
  1.04861808  0.976332477  0.98237785
  0.044999999  1.01689231  1.01689231  0.958769313  0.958373911  0.929720004
  1.05317683  0.988883371  0.986065019
  0.0499999989  1.01970957  1.01970957  0.963897142  0.963602939  0.937482286
  1.05519719  1.00043312  0.989269384
  0.0549999988  1.02208579  1.02208579  0.968930742  0.96873242  0.945385184
  1.05538496  1.01135673  0.99226545
  0.0599999987  1.02403966  1.02403966  0.973903168  0.973789127  0.953466773
  1.05359054  1.02139665  0.995148513
  0.0649999985  1.02557923  1.02557923  0.978481186  0.978386919  0.961185425
  1.05010658  1.03014968  0.997833506
  0.0699999984  1.02692265  1.02692265  0.983145646  0.983047905  0.969217141
  1.04563952  1.03887667  1.00046999
  0.0749999983  1.02771988  1.02771988  0.986968076  0.986912717  0.976036409
  1.03959006  1.04571999  1.00250753
  0.0799999982  1.02842271  1.02842271  0.990962778  0.990958083  0.98325572
  1.03266614  1.05282248  1.0045013
  0.0849999981  1.02937699  1.02937699  0.993882277  0.9938845  0.988590254
  1.02569708  1.05801149  1.006727
  0.089999998  1.03035996  1.03035996  0.996639438  0.996635731  0.993672468
  1.01815114  1.06289135  1.00903126
  0.0949999979  1.03111825  1.03111825  0.998715541  0.998708606  0.997532278
  1.01136166  1.06687904  1.0108651
  0.100000001  1.03152187  1.03152187  0.999209426  0.999205156  0.998476821
  1.00709302  1.06872714  1.01179577
  0.150000002  1.02948869  1.02948869  1.  1.  1.  1.  1.05942051  1.01831191
  0.200000003  1.02352958  1.02352958  1.  1.  1.  1.  1.01152561  1.02096829
  0.250000004  1.01485493  1.01485493  1.  1.  1.  1.  1.  1.01737109
  0.300000004  1.00339922  1.00339922  1.  1.  1.  1.  1.  1.00931824
  0.350000005  0.990409686  0.990409686  1.  1.  1.  1.  1.  0.99813861
  0.400000006  0.976760897  0.976760897  1.  1.  1.  1.  1.  0.985017684
  0.450000007  0.963202439  0.963202439  1.  1.  1.  1.  1.  0.971111745
  0.500000007  0.950050496  0.950050496  1.  1.  1.  1.  1.  0.956937596
  0.550000008  0.937979981  0.937979981  1.  1.  1.  1.  1.  0.943240899
  0.600000009  0.928140853  0.928140853  1.  1.  1.  1.  1.  0.931581927
  0.65000001  0.920694547  0.920694547  1.  1.  1.  1.  1.  0.921928336
  0.70000001  0.916610167  0.916610167  1.  1.  1.  1.  1.  0.9150925
  0.750000011  0.917840465  0.917840465  1.  1.  1.  1.  1.  0.909246979
  0.800000012  0.948924196  0.948924196  1.  1.  1.  1.  1.  0.933717879
  0.850000013  1.01803961  1.01803961  1.  1.  1.  1.  1.  1.00226676
  0.900000013  1.12570364  1.12570364  1.  1.  1.  1.  1.  1.11436848
  0.950000014  1.27648634  1.27648634  1.  1.  1.  1.  1.  1.27306183
  16.
  9.99999975E-06  0.957679346  0.957679346  0.811459631  0.811450592
  0.807380872  0.814079873  0.796406102  0.818685672
  1.49999996E-05  0.95796171  0.95796171  0.818701978  0.818658977  0.814129032
  0.820841201  0.802651387  0.825943287
  1.99999995E-05  0.958196245  0.958196245  0.823011994  0.82297378
  0.818049647  0.825943437  0.807395888  0.830766262
  2.49999994E-05  0.958400597  0.958400597  0.825835759  0.825816189
  0.820570349  0.829930024  0.811193824  0.834055022
  2.99999992E-05  0.958580902  0.958580902  0.828395004  0.828381763
  0.822877921  0.833151234  0.814332088  0.836661307
  3.49999991E-05  0.958744906  0.958744906  0.831340006  0.83131234
  0.825621234  0.835942291  0.817141269  0.83943693
  3.9999999E-05  0.958895934  0.958895934  0.83428534  0.834239984  0.828385714
  0.838361695  0.819541544  0.842212286
  4.49999989E-05  0.959036067  0.959036067  0.836846858  0.836796687
  0.830787009  0.840520148  0.821640254  0.844706847
  4.99999987E-05  0.959167204  0.959167204  0.838997092  0.838954648
  0.832792431  0.842527329  0.823545448  0.84689024
  5.49999986E-05  0.959291022  0.959291022  0.840745802  0.840720366
  0.834403595  0.844420742  0.825276163  0.848748957
  5.99999985E-05  0.959409992  0.959409992  0.842188143  0.842161819
  0.835707973  0.846080184  0.826771984  0.850265765
  6.49999984E-05  0.959521524  0.959521524  0.843600383  0.843568296
  0.836986707  0.847692042  0.828241621  0.851743978
  6.99999982E-05  0.959629816  0.959629816  0.84494736  0.844900627
  0.838220223  0.849074408  0.829587918  0.853125639
  7.49999981E-05  0.959732237  0.959732237  0.846261625  0.846204516
  0.839425293  0.850432699  0.830886686  0.854472952
  7.9999998E-05  0.959832082  0.959832082  0.847415641  0.847360146
  0.840481147  0.85163328  0.831971983  0.855644121
  8.49999979E-05  0.959926226  0.959926226  0.848588767  0.848534723
  0.841557013  0.852859553  0.833083508  0.856834852
  8.99999977E-05  0.960020237  0.960020237  0.849613754  0.849558317
  0.842495094  0.853903898  0.834087467  0.857826752
  9.49999976E-05  0.960109189  0.960109189  0.850663221  0.850606357
  0.843457889  0.8549797  0.835120764  0.858844919
  9.99999975E-05  0.960196677  0.960196677  0.851678037  0.851619861
  0.844395481  0.855982306  0.836173741  0.85984013
  0.000149999996  0.960959762  0.960959762  0.859170439  0.859087697
  0.85116877  0.864072256  0.844636145  0.86772702
  0.000199999995  0.961590105  0.961590105  0.863422896  0.8633106  0.854797999
  0.869932692  0.850003125  0.872568533
  0.000249999994  0.962140126  0.962140126  0.867118071  0.86699697
  0.858048732  0.874517342  0.854620353  0.876518686
  0.000299999992  0.962628088  0.962628088  0.870329498  0.870209825
  0.86088225  0.878328749  0.858589722  0.879980836
  0.000349999991  0.963077755  0.963077755  0.872785336  0.872663456
  0.862995737  0.881554253  0.86177359  0.882763579
  0.00039999999  0.963491596  0.963491596  0.874913603  0.874778324
  0.864797457  0.884428901  0.864409816  0.885208937
  0.000449999989  0.963877067  0.963877067  0.876915041  0.876754317
  0.866495312  0.886975288  0.86666724  0.887559643
  0.000499999987  0.964244593  0.964244593  0.878310372  0.878131351
  0.867614966  0.889230589  0.868818277  0.889319633
  0.000549999986  0.964590076  0.964590076  0.879398441  0.87921048
  0.868440401  0.891325383  0.870910713  0.890635775
  0.000599999985  0.96491431  0.96491431  0.880270866  0.880081756  0.869057095
  0.893315123  0.87297411  0.891608914
  0.000649999984  0.965232342  0.965232342  0.881796126  0.881603246
  0.870393605  0.895012532  0.874696726  0.893192434
  0.000699999982  0.965530429  0.965530429  0.883338368  0.883141325
  0.87175696  0.896730126  0.876422967  0.894795945
  0.000749999981  0.96582466  0.96582466  0.884601378  0.884399134  0.872866975
  0.898241585  0.877881979  0.896102001
  0.00079999998  0.966100999  0.966100999  0.885903809  0.885695908  0.87402045
  0.899798866  0.879383628  0.897462269
  0.000849999979  0.966375637  0.966375637  0.887233235  0.887015761
  0.87522711  0.901107469  0.88069323  0.898940749
  0.000899999977  0.966634399  0.966634399  0.888597029  0.888369735
  0.876471921  0.902467389  0.882050206  0.900463208
  0.000949999976  0.966890659  0.966890659  0.889503595  0.889255006
  0.877224353  0.903694706  0.88322052  0.901521072
  0.00100000005  0.967139275  0.967139275  0.890194601  0.889918821
  0.877742072  0.904875536  0.884315059  0.90236168
  0.00150000007  0.969318362  0.969318362  0.896564963  0.89618485  0.882878267
  0.914726405  0.893500052  0.909715816
  0.00200000009  0.971135859  0.971135859  0.901740236  0.901395931
  0.887324558  0.921934544  0.900487653  0.915752034
  0.00250000012  0.972720727  0.972720727  0.904862956  0.904497459
  0.889709754  0.927722838  0.906100888  0.919697274
  0.00300000014  0.974154263  0.974154263  0.907408141  0.9069833  0.891635517
  0.932456028  0.910757187  0.922604865
  0.00350000017  0.975462497  0.975462497  0.910461515  0.909992819
  0.894274889  0.936517465  0.914862826  0.925857969
  0.00400000019  0.976677592  0.976677592  0.91334407  0.912851995  0.896841018
  0.94006547  0.918502844  0.929079264
  0.00450000021  0.977815495  0.977815495  0.915520695  0.915017071
  0.898679103  0.94326144  0.921715069  0.931646182
  0.00500000024  0.978885256  0.978885256  0.91716399  0.916654173  0.899965167
  0.946247022  0.924614044  0.933652948
  0.00550000026  0.979911654  0.979911654  0.918692164  0.918175779
  0.901209782  0.948973337  0.927155005  0.935557023
  0.00600000028  0.98089269  0.98089269  0.920121124  0.919584557  0.902373586
  0.951518003  0.929465143  0.937375843
  0.00650000031  0.981813769  0.981813769  0.921527406  0.920963396
  0.903525925  0.954056535  0.931724439  0.93918722
  0.00700000033  0.98273109  0.98273109  0.922632766  0.92204768  0.904362642
  0.956212656  0.933613322  0.940655796
  0.00750000036  0.9835845  0.9835845  0.923765133  0.923158739  0.905229024
  0.958491339  0.935588594  0.942164804
  0.00800000038  0.984444335  0.984444335  0.924788907  0.924178191
  0.906072759  0.960431177  0.937162658  0.943752668
  0.0085000004  0.985249506  0.985249506  0.925845415  0.925230238  0.906953435
  0.962489555  0.938817714  0.94538939
  0.00900000043  0.986055641  0.986055641  0.926197702  0.92556059  0.90701472
  0.964338002  0.940349757  0.946243906
  0.00950000045  0.986831249  0.986831249  0.926330244  0.925665172
  0.906809958  0.966181817  0.941886642  0.946862582
  0.00999999978  0.987574572  0.987574572  0.926449636  0.925756337
  0.906585441  0.968065433  0.943453682  0.947430357
  0.0149999997  0.99432562  0.99432562  0.932990094  0.932197998  0.911784678
  0.984507228  0.956653329  0.95461492
  0.0199999996  1.00009684  1.00009684  0.945779514  0.945101427  0.925852227
  0.998671164  0.96653012  0.967394678
  0.0249999994  1.00521395  1.00521395  0.952978853  0.952349268  0.933754538
  1.0108761  0.974910745  0.9755403
  0.0299999993  1.00954899  1.00954899  0.957676026  0.957089729  0.939037294
  1.0217828  0.983510273  0.980548702
  0.0349999992  1.01329587  1.01329587  0.962894507  0.962412196  0.945420416
  1.03044639  0.993623846  0.985267394
  0.0399999991  1.01648821  1.01648821  0.968415624  0.968051842  0.952540355
  1.03662451  1.00275322  0.990014594
  0.044999999  1.01917026  1.01917026  0.9732522  0.972969615  0.959055178
  1.04062613  1.01077469  0.993969441
  0.0499999989  1.02139971  1.02139971  0.977699784  0.977492153  0.965290166
  1.04300426  1.01797979  0.997425975
  0.0549999988  1.02325244  1.02325244  0.981973961  0.98183428  0.971486225
  1.04421115  1.02465993  1.00059043
  0.0599999987  1.02474654  1.02474654  0.986032656  0.985947652  0.97756238
  1.04408253  1.03056673  1.00347482
  0.0649999985  1.02588552  1.02588552  0.989597301  0.989529687  0.983078136
  1.04277569  1.03543747  1.00597041
  0.0699999984  1.026872  1.026872  0.993194451  0.9931309  0.988767971
  1.04085039  1.04024637  1.00837371
  0.0749999983  1.02748579  1.02748579  0.99588444  0.99584818  0.993160585
  1.03790319  1.04353208  1.01016242
  0.0799999982  1.02803676  1.02803676  0.998696492  0.998692597  0.997821009
  1.03445274  1.04694537  1.01192523
  0.0849999981  1.02864366  1.02864366  1.00050732  1.00050811  1.00086168
  1.03090414  1.04897573  1.01345956
  0.089999998  1.0292479  1.0292479  1.00212742  1.00212467  1.0036131
  1.02700064  1.0507128  1.01495472
  0.0949999979  1.02967187  1.02967187  1.00327669  1.00327203  1.00559183
  1.02330917  1.05194295  1.01611922
  0.100000001  1.02979431  1.02979431  1.00331395  1.00331106  1.00568876
  1.02063638  1.05196006  1.01662302
  0.150000002  1.02639586  1.02639586  1.00099694  1.00099694  1.00176035
  1.0051893  1.03480772  1.01859216
  0.200000003  1.01958889  1.01958889  0.999859208  0.999859208  0.999747612
  0.999223313  1.00425282  1.01732976
  0.250000004  1.01025793  1.01025793  0.999774803  0.999774803  0.999598812
  0.998746218  0.99759166  1.01211356
  0.300000004  0.998538752  0.998538752  0.999748664  0.999748664  0.999558006
  0.998627895  0.99653301  1.00318993
  0.350000005  0.985680008  0.985680008  0.99972768  0.99972768  0.999530509
  0.998576718  0.995589417  0.991797829
  0.400000006  0.972414418  0.972414418  0.999710253  0.999710253  0.999513604
  0.998579379  0.994763148  0.978972515
  0.450000007  0.959382651  0.959382651  0.999697283  0.999697283  0.999508515
  0.998635077  0.994097732  0.965670921
  0.500000007  0.946909947  0.946909947  0.999692561  0.999692561  0.999519971
  0.998750081  0.993642156  0.952380083
  0.550000008  0.935698858  0.935698858  0.999701208  0.999701208  0.999552623
  0.998929703  0.993459243  0.939880816
  0.600000009  0.926804966  0.926804966  0.999727372  0.999727372  0.99960623
  0.999161364  0.993606736  0.92946896
  0.65000001  0.920507022  0.920507022  0.999783094  0.999783094  0.999694284
  0.999469448  0.994138751  0.921302217
  0.70000001  0.918013415  0.918013415  0.999954831  0.999954831  0.999938834
  0.999928246  0.995218348  0.916271368
  0.750000011  0.922994757  0.922994757  1.00044787  1.00044787  1.00044789
  1.00044789  0.997204468  0.91559912
  0.800000012  0.957402527  0.957402527  1.00073984  1.00073984  1.00073984
  1.00073984  1.0002562  0.945169403
  0.850000013  1.02688305  1.02688305  1.00045782  1.00045782  1.00045782
  1.00045782  1.00378727  1.01429951
  0.900000013  1.13233461  1.13233461  0.997674382  0.997674382  0.997674386
  0.997674386  1.00721914  1.12316382
  0.950000014  1.27872435  1.27872435  0.982656306  0.982656306  0.982656357
  0.982656357  1.00959693  1.27579025
  64.
  9.99999975E-06  0.958802097  0.958802097  0.833127541  0.833119162
  0.831135546  0.83634456  0.837897895  0.839998042
  1.49999996E-05  0.959207044  0.959207044  0.839167752  0.839143499
  0.836887509  0.842366884  0.843446436  0.846028117
  1.99999995E-05  0.959535666  0.959535666  0.843096405  0.843075333
  0.840596279  0.846847673  0.847555611  0.850195077
  2.49999994E-05  0.959816743  0.959816743  0.84597446  0.845961592  0.84330481
  0.850369958  0.850816259  0.853284958
  2.99999992E-05  0.960062553  0.960062553  0.848513141  0.848501272
  0.845698566  0.853244179  0.853510925  0.855842343
  3.49999991E-05  0.960283979  0.960283979  0.851061406  0.851041426
  0.848121405  0.855730952  0.855855791  0.858300663
  3.9999999E-05  0.960485943  0.960485943  0.853427819  0.853399592  0.8503712
  0.857888549  0.857873093  0.860569204
  4.49999989E-05  0.960672445  0.960672445  0.855485758  0.855455772
  0.852325059  0.859815043  0.859654232  0.862580581
  4.99999987E-05  0.960846046  0.960846046  0.857270375  0.857243957
  0.854015982  0.861593558  0.861276868  0.864370169
  5.49999986E-05  0.961008815  0.961008815  0.85880028  0.858780569
  0.855458397  0.863245182  0.862757286  0.865944291
  5.99999985E-05  0.961163866  0.961163866  0.860103741  0.860082219
  0.856677417  0.864688005  0.864049601  0.867278114
  6.49999984E-05  0.961308956  0.961308956  0.861383182  0.861357757
  0.857874887  0.8660989  0.865320166  0.86858478
  6.99999982E-05  0.961449231  0.961449231  0.86255906  0.862526574
  0.858979325  0.867327731  0.866450333  0.869769266
  7.49999981E-05  0.961581643  0.961581643  0.863713166  0.863675506
  0.860064158  0.868539715  0.867561397  0.870932402
  7.9999998E-05  0.961710043  0.961710043  0.86473079  0.864693342  0.861018843
  0.869612747  0.868532886  0.871952359
  8.49999979E-05  0.961831097  0.961831097  0.865770553  0.865733226
  0.86199589  0.870713204  0.869532082  0.872996332
  8.99999977E-05  0.96195103  0.96195103  0.866665609  0.866627096  0.862834689
  0.871646583  0.870406172  0.873880991
  9.49999976E-05  0.962064548  0.962064548  0.86758728  0.867547539
  0.863699939  0.872611962  0.871311051  0.874794189
  9.99999975E-05  0.962175522  0.962175522  0.868456068  0.868415116
  0.864516667  0.873508914  0.872172308  0.875660529
  0.000149999996  0.963131166  0.963131166  0.874965883  0.874906853
  0.87055238  0.880710136  0.878969773  0.88242886
  0.000199999995  0.963905695  0.963905695  0.879077322  0.878999876
  0.874278403  0.885930987  0.883654864  0.886888363
  0.000249999994  0.964571404  0.964571404  0.882498187  0.882414029
  0.877410722  0.890035754  0.887495954  0.890504478
  0.000299999992  0.965155735  0.965155735  0.885388276  0.885301976
  0.880046983  0.893473305  0.890735668  0.893581248
  0.000349999991  0.9656884  0.9656884  0.887679765  0.88758838  0.882113209
  0.89637284  0.893382086  0.896089827
  0.00039999999  0.966174842  0.966174842  0.889678816  0.889576266  0.88389925
  0.898955291  0.89567112  0.898296796
  0.000449999989  0.966625199  0.966625199  0.891476922  0.891358066
  0.885498474  0.90125061  0.89769865  0.900303701
  0.000499999987  0.967050809  0.967050809  0.892875432  0.892745049
  0.886724474  0.903285441  0.899552976  0.901924719
  0.000549999986  0.967449088  0.967449088  0.894097829  0.893960605
  0.887786415  0.905179193  0.901307509  0.903319157
  0.000599999985  0.967821821  0.967821821  0.895205361  0.895065108
  0.888741091  0.906983042  0.903001106  0.904551309
  0.000649999984  0.968184306  0.968184306  0.896542141  0.89639731
  0.889946663  0.90852004  0.904424418  0.905940769
  0.000699999982  0.968523713  0.968523713  0.897896624  0.897746831
  0.891174987  0.910080903  0.905864964  0.907352677
  0.000749999981  0.968856164  0.968856164  0.899036746  0.898881084
  0.892206874  0.911442854  0.907098354  0.90855034
  0.00079999998  0.969168363  0.969168363  0.900210422  0.900048463
  0.893273914  0.91285199  0.908374564  0.909790559
  0.000849999979  0.969476244  0.969476244  0.901277377  0.901106382
  0.894241434  0.914034083  0.909452101  0.910944084
  0.000899999977  0.969766559  0.969766559  0.902379985  0.902199654
  0.895245912  0.915268433  0.910577139  0.912140686
  0.000949999976  0.970052351  0.970052351  0.903204973  0.903010248
  0.895965796  0.916380743  0.91157209  0.913069681
  0.00100000005  0.970328954  0.970328954  0.903902965  0.903691131
  0.896554258  0.917451447  0.91251904  0.913878773
  0.00150000007  0.972723364  0.972723364  0.910044278  0.909766409
  0.901883117  0.926343466  0.920395923  0.920813038
  0.00200000009  0.97468309  0.97468309  0.914712869  0.914446397  0.90602298
  0.932889306  0.926292964  0.926149787
  0.00250000012  0.976369751  0.976369751  0.917827822  0.917535737
  0.908648184  0.938162643  0.931044963  0.929912785
  0.00300000014  0.977877481  0.977877481  0.920444578  0.92010786  0.910858104
  0.942481408  0.934964732  0.932914363
  0.00350000017  0.979242314  0.979242314  0.923191709  0.922822074
  0.913294093  0.94621834  0.938396426  0.935918621
  0.00400000019  0.980500789  0.980500789  0.925662185  0.925272965
  0.915505791  0.949504422  0.941414234  0.938697568
  0.00450000021  0.981671393  0.981671393  0.927605773  0.92720415  0.917194052
  0.952470694  0.944091261  0.940990764
  0.00500000024  0.98276574  0.98276574  0.929178299  0.92876704  0.918515795
  0.955238996  0.946533576  0.942915486
  0.00550000026  0.98380944  0.98380944  0.930612316  0.930190265  0.919742951
  0.95774244  0.948682412  0.944692647
  0.00600000028  0.984802215  0.984802215  0.931932487  0.931492322
  0.920866657  0.96007529  0.950649586  0.946354122
  0.00650000031  0.985733466  0.985733466  0.933226488  0.932764003
  0.921970734  0.962407096  0.952591132  0.947997618
  0.00700000033  0.986651426  0.986651426  0.934253127  0.93377373  0.922806631
  0.964386461  0.954212061  0.949349047
  0.00750000036  0.987507243  0.987507243  0.93531438  0.934817634  0.923679482
  0.966492077  0.955926989  0.950750214
  0.00800000038  0.988361398  0.988361398  0.936194638  0.935689732
  0.924415898  0.968278767  0.957343536  0.95202995
  0.0085000004  0.989163169  0.989163169  0.937110949  0.936597546  0.925190725
  0.970185116  0.958847619  0.953361548
  0.00900000043  0.98995864  0.98995864  0.937583406  0.937051928  0.925480848
  0.971889114  0.960208647  0.954217907
  0.00950000045  0.990723122  0.990723122  0.937922645  0.937369543  0.9256196
  0.973590676  0.961569933  0.954939315
  0.00999999978  0.991455569  0.991455569  0.938267759  0.937693101
  0.925763518  0.97533034  0.962957089  0.955647693
  0.0149999997  0.997993561  0.997993561  0.94568861  0.945051548  0.932443108
  0.990040007  0.974217725  0.963979787
  0.0199999996  1.0034318  1.0034318  0.956468839  0.955914456  0.943876123
  1.00233495  0.982854566  0.974791451
  0.0249999994  1.00810638  1.00810638  0.96286077  0.962346406  0.950776846
  1.01267597  0.990327611  0.981893847
  0.0299999993  1.01200646  1.01200646  0.967535779  0.967066144  0.956044863
  1.02174264  0.997849299  0.986948416
  0.0349999992  1.01531201  1.01531201  0.972448951  0.972067214  0.961923767
  1.0288237  1.00558234  0.991652345
  0.0399999991  1.01807525  1.01807525  0.977342528  0.977054503  0.968033904
  1.03381552  1.01231621  0.996048216
  0.044999999  1.02035126  1.02035126  0.981587969  0.981366528  0.973552855
  1.03702221  1.01806842  0.999690889
  0.0499999989  1.02220736  1.02220736  0.985442517  0.985281022  0.978750752
  1.03891539  1.02309262  1.00283954
  0.0549999988  1.02372875  1.02372875  0.989093425  0.988984897  0.983831555
  1.03985943  1.02763679  1.00567484
  0.0599999987  1.02493167  1.02493167  0.992467246  0.992399154  0.98867228
  1.03971247  1.03148398  1.00817534
  0.0649999985  1.02582081  1.02582081  0.995328723  0.995275879  0.992907081
  1.03862841  1.03446238  1.01024634
  0.0699999984  1.02658373  1.02658373  0.998191553  0.998145076  0.997239439
  1.03703286  1.03733583  1.01221764
  0.0749999983  1.0270456  1.0270456  1.00017819  1.00015152  1.00033929
  1.03470238  1.03899527  1.01360196
  0.0799999982  1.02746127  1.02746127  1.00225058  1.00224725  1.00362438
  1.03195772  1.04068905  1.01496783
  0.0849999981  1.02784601  1.02784601  1.00343726  1.00343747  1.00553803
  1.02918494  1.04137732  1.01600491
  0.089999998  1.02821441  1.02821441  1.00443213  1.00442992  1.00716649
  1.02613165  1.04179815  1.01697293
  0.0949999979  1.02843048  1.02843048  1.00507042  1.00506693  1.00823608
  1.023172  1.04186883  1.01769345
  0.100000001  1.02838181  1.02838181  1.00486874  1.00486657  1.00794789
  1.02090372  1.0411646  1.01790775
  0.150000002  1.02407892  1.02407892  1.00115323  1.00115323  1.00193909
  1.0047179  1.02264176  1.01751532
  0.200000003  1.01668739  1.01668739  0.999606888  0.999606888  0.999329068
  0.998293877  1.00050725  1.01464847
  0.250000004  1.00693316  1.00693316  0.999439444  0.999439444  0.999046019
  0.997526932  0.995344541  1.00854778
  0.300000004  0.995067288  0.995067288  0.999357153  0.999357153  0.998918421
  0.997199045  0.993474167  0.99912069
  0.350000005  0.982334671  0.982334671  0.99928972  0.99928972  0.998827011
  0.997012745  0.99179231  0.987631821
  0.400000006  0.969365328  0.969365328  0.999232226  0.999232226  0.99876381
  0.996941849  0.990292337  0.975015777
  0.450000007  0.956731424  0.956731424  0.999187551  0.999187551  0.998732866
  0.996991879  0.989054524  0.962118975
  0.500000007  0.944767362  0.944767362  0.999164844  0.999164844  0.998744954
  0.997179107  0.988174663  0.949422008
  0.550000008  0.934191558  0.934191558  0.999175741  0.999175741  0.998809351
  0.997515858  0.987786345  0.937723376
  0.600000009  0.926014091  0.926014091  0.999232253  0.999232253  0.998928529
  0.997988539  0.988015152  0.92819955
  0.65000001  0.920596917  0.920596917  0.99936209  0.99936209  0.999134429
  0.998650932  0.989005604  0.921112566
  0.70000001  0.919379375  0.919379375  0.999740132  0.999740132  0.999667972
  0.999626203  0.991139028  0.917555273
  0.750000011  0.927063593  0.927063593  1.00081767  1.00081767  1.0008177
  1.0008177  0.995193269  0.920499102
  0.800000012  0.963646367  0.963646367  1.00169097  1.00169097  1.00169098
  1.00169098  1.00143064  0.953266641
  0.850000013  1.03324711  1.03324711  1.00161871  1.00161871  1.00161871
  1.00161871  1.00885779  1.02264965
  0.900000013  1.13707471  1.13707471  0.997792489  0.997792489  0.997792492
  0.997792492  1.0165609  1.12929239
  0.950000014  1.28034824  1.28034824  0.965569001  0.965569001  0.96556911
  0.96556911  1.02258578  1.27777533
  256.
  9.99999975E-06  0.959747944  0.959747944  0.849760943  0.8497539  0.848605698
  0.852749682  0.862194244  0.855372249
  1.49999996E-05  0.960248805  0.960248805  0.855102774  0.855086792
  0.853762106  0.858227542  0.86728176  0.86072387
  1.99999995E-05  0.960650072  0.960650072  0.858719751  0.858705873
  0.857238388  0.862275569  0.871009158  0.864489186
  2.49999994E-05  0.96098996  0.96098996  0.86147407  0.861464347  0.859883103
  0.865463915  0.873954114  0.8673683
  2.99999992E-05  0.961285909  0.961285909  0.863865262  0.863855052
  0.862178998  0.868077508  0.876383806  0.869773135
  3.49999991E-05  0.961550942  0.961550942  0.86613056  0.866115125
  0.864359033  0.870336255  0.878479497  0.871987473
  3.9999999E-05  0.961791635  0.961791635  0.868170814  0.868150705
  0.866319655  0.872299026  0.880290472  0.873972106
  4.49999989E-05  0.962013187  0.962013187  0.86994992  0.869928901
  0.868027417  0.874051317  0.881894223  0.875726301
  4.99999987E-05  0.962218676  0.962218676  0.871518734  0.871499506
  0.869531712  0.875663929  0.883356868  0.877300434
  5.49999986E-05  0.962410674  0.962410674  0.872896776  0.872880562
  0.87084963  0.877153283  0.884694237  0.87870639
  5.99999985E-05  0.962592903  0.962592903  0.874084862  0.874066897
  0.87198067  0.878453567  0.885862503  0.879914867
  6.49999984E-05  0.962763213  0.962763213  0.87525313  0.875232328
  0.873093422  0.879729759  0.887013466  0.881102285
  6.99999982E-05  0.962927308  0.962927308  0.876307699  0.876282739
  0.874098898  0.880845567  0.888027324  0.882164033
  7.49999981E-05  0.963082041  0.963082041  0.877346363  0.877318235
  0.875089754  0.88194882  0.889030519  0.883210972
  7.9999998E-05  0.96323168  0.96323168  0.878262323  0.878233946  0.875962065
  0.882925025  0.889914991  0.884132097
  8.49999979E-05  0.96337274  0.96337274  0.879201667  0.879172985  0.876857764
  0.88392928  0.890827716  0.88507858
  8.99999977E-05  0.963511864  0.963511864  0.880001688  0.879971974
  0.877618501  0.884777382  0.891608311  0.885879763
  9.49999976E-05  0.96364358  0.96364358  0.880828817  0.880798036  0.878406109
  0.885657284  0.892419915  0.886709878
  9.99999975E-05  0.96377188  0.96377188  0.881600339  0.881568479  0.879140609
  0.886473723  0.89317782  0.887487527
  0.000149999996  0.964868846  0.964868846  0.887457835  0.88741173
  0.884665073  0.893032614  0.899175378  0.893565425
  0.000199999995  0.965747938  0.965747938  0.891336701  0.891277403
  0.888279124  0.897794051  0.903424611  0.897709081
  0.000249999994  0.966496591  0.966496591  0.894497272  0.894432237
  0.891235759  0.901544839  0.906834202  0.901042207
  0.000299999992  0.967149854  0.967149854  0.897146833  0.897078395
  0.893704129  0.904703145  0.909706152  0.903855238
  0.000349999991  0.967741184  0.967741184  0.899282026  0.899207922
  0.895679037  0.907364013  0.912074029  0.906165489
  0.00039999999  0.968278734  0.968278734  0.901150719  0.901067241
  0.897397035  0.90973502  0.914155296  0.908201752
  0.000449999989  0.968774606  0.968774606  0.902807654  0.902712315
  0.898914169  0.911844961  0.916009563  0.910022252
  0.000499999987  0.96924053  0.96924053  0.90415956  0.904055734  0.900145952
  0.913713554  0.917673268  0.911544822
  0.000549999986  0.969675354  0.969675354  0.905385393  0.905275795
  0.901260412  0.915455882  0.919235438  0.912914789
  0.000599999985  0.970081649  0.970081649  0.90653383  0.906420613
  0.902303176  0.917119721  0.920735962  0.914183018
  0.000649999984  0.970474606  0.970474606  0.907740131  0.907622283
  0.903413693  0.918535539  0.921998431  0.915446657
  0.000699999982  0.970842335  0.970842335  0.908964595  0.908841751
  0.904545395  0.919977655  0.923283608  0.916733118
  0.000749999981  0.971200589  0.971200589  0.910002318  0.909873768
  0.905502411  0.921229753  0.924383998  0.91783331
  0.00079999998  0.971537084  0.971537084  0.911072584  0.910937948
  0.906492864  0.9225299  0.925528528  0.918973241
  0.000849999979  0.971867417  0.971867417  0.911998651  0.911856105
  0.907342751  0.923619499  0.92648597  0.919971884
  0.000899999977  0.972179119  0.972179119  0.912960696  0.912809933
  0.908229169  0.924761449  0.927491207  0.921012918
  0.000949999976  0.972484708  0.972484708  0.91372465  0.913563199
  0.908917263  0.925788558  0.92838511  0.921865495
  0.00100000005  0.972779998  0.972779998  0.914401192  0.914227646
  0.909517246  0.926777249  0.929240144  0.922637587
  0.00150000007  0.975315658  0.975315658  0.92021634  0.919994767  0.914751837
  0.934977873  0.936323143  0.929175797
  0.00200000009  0.977365493  0.977365493  0.924510006  0.924288633
  0.918651078  0.94103481  0.941583673  0.934076117
  0.00250000012  0.979114499  0.979114499  0.927528258  0.92728104  0.921318264
  0.945925233  0.94582297  0.93767798
  0.00300000014  0.980665614  0.980665614  0.930076497  0.929793088
  0.923573608  0.949934851  0.949304117  0.94062152
  0.00350000017  0.982062086  0.982062086  0.93258561  0.932275296  0.925845342
  0.953420558  0.952341541  0.943422385
  0.00400000019  0.983343014  0.983343014  0.934791047  0.934463359  0.92784755
  0.95649602  0.95500574  0.9459394
  0.00450000021  0.984529145  0.984529145  0.936571815  0.936231604  0.92943479
  0.959277108  0.957378736  0.948061534
  0.00500000024  0.985634022  0.985634022  0.938066033  0.937714917
  0.930744978  0.961873884  0.95955662  0.949903952
  0.00550000026  0.986682892  0.986682892  0.939412693  0.939049535
  0.931936146  0.964211485  0.961473464  0.951580414
  0.00600000028  0.98767701  0.98767701  0.940644447  0.940264909  0.933019673
  0.966389264  0.963234999  0.953134671
  0.00650000031  0.988609067  0.988609067  0.941851474  0.941452827
  0.934083355  0.968570846  0.964984189  0.954670226
  0.00700000033  0.98952111  0.98952111  0.942814091  0.942400914  0.934905889
  0.970419134  0.966443664  0.955938853
  0.00750000036  0.990372949  0.990372949  0.943816293  0.943388063
  0.935770611  0.972395045  0.968000597  0.957263224
  0.00800000038  0.991216659  0.991216659  0.944622033  0.944184608
  0.936466614  0.9740625  0.969291252  0.958405575
  0.0085000004  0.992010211  0.992010211  0.945466283  0.945019223  0.937203288
  0.975849553  0.970671871  0.959602196
  0.00900000043  0.992792205  0.992792205  0.945998886  0.945536572
  0.937611608  0.977439149  0.971902478  0.960467036
  0.00950000045  0.993543196  0.993543196  0.946443763  0.94596394  0.937924245
  0.979027207  0.973131231  0.961246002
  0.00999999978  0.994262647  0.994262647  0.946903269  0.946406121
  0.938252841  0.98065311  0.974385632  0.962028081
  0.0149999997  1.00059806  1.00059806  0.954514792  0.953975003  0.945402901
  0.994162591  0.984382288  0.970661963
  0.0199999996  1.00575553  1.00575553  0.963953876  0.963479068  0.955258369
  1.00523607  0.992106157  0.980249055
  0.0249999994  1.01008401  1.01008401  0.969749358  0.969310182  0.961480537
  1.01434506  0.998733473  0.9867234
  0.0299999993  1.01364994  1.01364994  0.974241229  0.97384639  0.966533103
  1.02217849  1.0051961  0.991664434
  0.0349999992  1.0166232  1.0166232  0.978800229  0.978482246  0.971915622
  1.02817479  1.01135249  0.996173481
  0.0399999991  1.01906779  1.01906779  0.983175674  0.982936012  0.97727773
  1.03231188  1.01654492  1.00021196
  0.044999999  1.02104587  1.02104587  0.986936686  0.986753902  0.982065202
  1.03488873  1.02084768  1.00352602
  0.0499999989  1.02263113  1.02263113  0.990313128  0.990180538  0.98651378
  1.03632988  1.02449177  1.00635264
  0.0549999988  1.0239124  1.0239124  0.99347339  0.993384365  0.99080492
  1.0369478  1.02769231  1.00885948
  0.0599999987  1.02490404  1.02490404  0.996329524  0.996272616  0.994799126
  1.03662399  1.03026514  1.01100891
  0.0649999985  1.02561191  1.02561191  0.998680817  0.99863743  0.998186927
  1.03552177  1.03210468  1.01272356
  0.0699999984  1.02621128  1.02621128  1.00101258  1.00097629  1.00162316
  1.03396272  1.03380924  1.01433632
  0.0749999983  1.02654749  1.02654749  1.00252183  1.00250092  1.00391731
  1.03185915  1.03455032  1.01539539
  0.0799999982  1.02684756  1.02684756  1.00408924  1.00408632  1.00633966
  1.02937902  1.03526156  1.01643714
  0.0849999981  1.02707145  1.02707145  1.00487752  1.00487744  1.00758816
  1.02693556  1.03523553  1.01713282
  0.089999998  1.0272718  1.0272718  1.00547979  1.00547794  1.00856378
  1.02425249  1.03496645  1.01774936
  0.0949999979  1.02733958  1.02733958  1.0057979  1.00579514  1.00910569
  1.02161785  1.03443496  1.01817047
  0.100000001  1.02717045  1.02717045  1.0054566  1.00545487  1.00861111
  1.01955095  1.03339536  1.0181882
  0.150000002  1.02219051  1.02219051  1.00103468  1.00103468  1.00168354
  1.00368516  1.01520573  1.01630412
  0.200000003  1.01435413  1.01435413  0.999322231  0.999322231  0.998879591
  0.997436177  0.99791264  1.01247843
  0.250000004  1.0042937  1.0042937  0.999081728  0.999081728  0.998483808
  0.996456126  0.993233073  1.00577796
  0.300000004  0.992336409  0.992336409  0.998939351  0.998939351  0.998266843
  0.995940548  0.990672655  0.99601878
  0.350000005  0.979722123  0.979722123  0.998822589  0.998822589  0.998109808
  0.9956292  0.988357677  0.984495238
  0.400000006  0.966999365  0.966999365  0.998722756  0.998722756  0.997998863
  0.995484379  0.986265743  0.972060663
  0.450000007  0.954692217  0.954692217  0.998644994  0.998644994  0.997941002
  0.995518787  0.984508903  0.95948804
  0.500000007  0.943143616  0.943143616  0.99860357  0.99860357  0.997952341
  0.995758629  0.983227508  0.947257824
  0.550000008  0.933083222  0.933083222  0.998616611  0.998616611  0.998046635
  0.996224496  0.982627045  0.936180009
  0.600000009  0.925496302  0.925496302  0.998703777  0.998703777  0.998229696
  0.996904836  0.982909055  0.927366305
  0.65000001  0.920813764  0.920813764  0.998910907  0.998910907  0.998557168
  0.997883313  0.984327379  0.92115703
  0.70000001  0.920682804  0.920682804  0.999504034  0.999504034  0.999387427
  0.999325306  0.987516223  0.918863609
  0.750000011  0.930501633  0.930501633  1.00114393  1.00114393  1.00114396
  1.00114396  0.993715593  0.924606827
  0.800000012  0.968686215  0.968686215  1.0026259  1.0026259  1.0026259
  1.0026259  1.00329216  0.959661801
  0.850000013  1.03830391  1.03830391  1.00299575  1.00299575  1.00299576
  1.00299576  1.01500162  1.02914375
  0.900000013  1.1408259  1.1408259  0.99915004  0.99915004  0.999150041
  0.999150041  1.02782795  1.13406159
  0.950000014  1.28164822  1.28164822  0.958948137  0.958948137  0.958948266
  0.958948266  1.03890312  1.27935637
  1024.
  9.99999975E-06  0.960565212  0.960565212  0.862664632  0.862658729
  0.861920664  0.865312573  0.878573935  0.867215683
  1.49999996E-05  0.961144127  0.961144127  0.867541171  0.867529609
  0.866668742  0.870380718  0.883322319  0.872121642
  1.99999995E-05  0.961604005  0.961604005  0.870915339  0.870905186
  0.869945333  0.874111169  0.886783709  0.875607458
  2.49999994E-05  0.961991117  0.961991117  0.87352908  0.87352118  0.872482093
  0.877051953  0.889512421  0.878310279
  2.99999992E-05  0.962327207  0.962327207  0.875773638  0.875764802
  0.874658935  0.879468443  0.891760258  0.880570648
  3.49999991E-05  0.962627001  0.962627001  0.87783552  0.877823007
  0.876659188  0.881555462  0.893693396  0.882605812
  3.9999999E-05  0.962898532  0.962898532  0.879664894  0.879649367
  0.878431069  0.883370952  0.895367524  0.884406085
  4.49999989E-05  0.963147855  0.963147855  0.88126448  0.88124833  0.879978997
  0.884991219  0.896851735  0.885996748
  4.99999987E-05  0.963378557  0.963378557  0.882688792  0.882673555
  0.881356363  0.886479917  0.898206197  0.887431427
  5.49999986E-05  0.963593632  0.963593632  0.88395649  0.883942649
  0.882580272  0.88785145  0.899445878  0.888723552
  5.99999985E-05  0.96379729  0.96379729  0.885054822  0.885039436  0.883637433
  0.889048417  0.900527439  0.889841069
  6.49999984E-05  0.963987496  0.963987496  0.886136396  0.886118821
  0.884678857  0.890226192  0.901595077  0.890941394
  6.99999982E-05  0.964170266  0.964170266  0.887102381  0.887082026
  0.885609008  0.891256715  0.90253091  0.891917648
  7.49999981E-05  0.9643425  0.9643425  0.888056156  0.888033602  0.886527794
  0.892277644  0.903459847  0.892882916
  7.9999998E-05  0.964508741  0.964508741  0.888896508  0.888873535
  0.887336089  0.893180074  0.904278971  0.893732801
  8.49999979E-05  0.964665457  0.964665457  0.889760863  0.889737418
  0.888168321  0.894110842  0.905126784  0.894608581
  8.99999977E-05  0.964819518  0.964819518  0.890491375  0.890467018
  0.888869846  0.894894032  0.905842085  0.895346866
  9.49999976E-05  0.964965421  0.964965421  0.891249022  0.891223716
  0.889598266  0.895708679  0.906588397  0.896114011
  9.99999975E-05  0.9651072  0.9651072  0.891952109  0.891925845  0.890273763
  0.896464012  0.907280804  0.89682828
  0.000149999996  0.96631351  0.96631351  0.897343966  0.897305939  0.895419262
  0.90253973  0.912782821  0.902430357
  0.000199999995  0.9672727  0.9672727  0.901005596  0.900957275  0.898886838
  0.906954895  0.916720851  0.90632174
  0.000249999994  0.968084329  0.968084329  0.903953289  0.903899816
  0.901682314  0.910436832  0.919848283  0.909432621
  0.000299999992  0.968789725  0.968789725  0.90641961  0.906362265
  0.904012884  0.913380182  0.92248686  0.912053135
  0.000349999991  0.969425032  0.969425032  0.908424166  0.908361198
  0.905897283  0.915858128  0.924672122  0.914214521
  0.00039999999  0.970000753  0.970000753  0.910182077  0.91011105  0.907542739
  0.918067337  0.926605171  0.916122601
  0.000449999989  0.970530449  0.970530449  0.911732625  0.911652265
  0.908989596  0.920034314  0.928327339  0.917817889
  0.000499999987  0.971026119  0.971026119  0.913029584  0.912942384
  0.910197446  0.921774558  0.929857704  0.919261229
  0.000549999986  0.971487829  0.971487829  0.914224062  0.914131759
  0.911309172  0.923399733  0.931291296  0.920584503
  0.000599999985  0.971918782  0.971918782  0.915358216  0.91526214
  0.912364759  0.924954853  0.932667132  0.921832
  0.000649999984  0.972333919  0.972333919  0.916468151  0.916367587
  0.913401736  0.926276253  0.933823479  0.923004441
  0.000699999982  0.972722272  0.972722272  0.917596774  0.917491393
  0.914459449  0.927625683  0.935005663  0.924200098
  0.000749999981  0.97309912  0.97309912  0.918554368  0.918443639  0.915354629
  0.928793284  0.936015804  0.925223553
  0.00079999998  0.973453183  0.973453183  0.919544554  0.919428139
  0.916283048  0.930009405  0.93707109  0.926286082
  0.000849999979  0.973799621  0.973799621  0.920380734  0.920257427
  0.917060051  0.9310273  0.937949375  0.927191995
  0.000899999977  0.974126721  0.974126721  0.921252952  0.921122446
  0.91787339  0.932097331  0.938875603  0.928139915
  0.000949999976  0.974446409  0.974446409  0.921968948  0.921830003
  0.918532101  0.933058066  0.939699584  0.928938314
  0.00100000005  0.974754969  0.974754969  0.922618435  0.922470271
  0.919124754  0.933982761  0.940489004  0.929675689
  0.00150000007  0.977389312  0.977389312  0.928123564  0.927937252
  0.924193318  0.9416508  0.94701288  0.93587268
  0.00200000009  0.979499843  0.979499843  0.9321272  0.931935248  0.927893543
  0.947326572  0.951834616  0.940457745
  0.00250000012  0.981289185  0.981289185  0.935029832  0.934812914
  0.930531821  0.951916733  0.955716516  0.943910887
  0.00300000014  0.982866788  0.982866788  0.937476454  0.937228746  0.93275633
  0.955683322  0.958893122  0.946756165
  0.00350000017  0.984281314  0.984281314  0.939798246  0.939527377
  0.934892669  0.958967839  0.961659818  0.949390324
  0.00400000019  0.985573593  0.985573593  0.941814712  0.941527933
  0.936748444  0.961871787  0.964084563  0.951725181
  0.00450000021  0.986766221  0.986766221  0.943471719  0.943172565
  0.938255511  0.964501182  0.966249656  0.953721227
  0.00500000024  0.987874231  0.987874231  0.944892596  0.944582101
  0.939536409  0.966957909  0.968243302  0.955486681
  0.00550000026  0.988922142  0.988922142  0.946163151  0.945840387
  0.940686727  0.969163114  0.969996798  0.95707928
  0.00600000028  0.989912551  0.989912551  0.947321913  0.946984154
  0.941730857  0.971217499  0.971611406  0.958550552
  0.00650000031  0.990840842  0.990840842  0.948458573  0.948103908
  0.942757019  0.973279455  0.973221471  0.960005109
  0.00700000033  0.991743961  0.991743961  0.949368234  0.949000627
  0.943560312  0.97502199  0.974561124  0.96120886
  0.00750000036  0.992588799  0.992588799  0.950320837  0.949939724
  0.944409468  0.976892381  0.975999414  0.962472443
  0.00800000038  0.993420217  0.993420217  0.95107859  0.9506882  0.945082671
  0.97846216  0.977186224  0.963535211
  0.0085000004  0.994203585  0.994203585  0.951876726  0.951476566  0.94579861
  0.980150841  0.978463364  0.964654278
  0.00900000043  0.994971335  0.994971335  0.952439001  0.952025693
  0.946271258  0.981646446  0.9795896  0.965518173
  0.00950000045  0.995708287  0.995708287  0.952940379  0.952512406  0.94667947
  0.983141025  0.980713026  0.966323273
  0.00999999978  0.996414251  0.996414251  0.953460851  0.953018449
  0.947108912  0.984673407  0.981862349  0.96713954
  0.0149999997  1.00256134  1.00256134  0.960997551  0.960524495  0.954337791
  0.997251447  0.990904864  0.975741455
  0.0199999996  1.00747686  1.00747686  0.969459356  0.969040185  0.963107146
  1.0074041  0.997874328  0.984460196
  0.0249999994  1.01152258  1.01152258  0.974782362  0.974396209  0.968809586
  1.0155903  1.0037469  0.99045607
  0.0299999993  1.01481913  1.01481913  0.979048087  0.978705247  0.973596186
  1.02250624  1.00929936  0.995190923
  0.0349999992  1.01752876  1.01752876  0.983271486  0.982997451  0.978537263
  1.027694  1.0143168  0.999431412
  0.0399999991  1.01972335  1.01972335  0.987221019  0.987014827  0.983318707
  1.03118358  1.01842072  1.00312186
  0.044999999  1.02146996  1.02146996  0.990586525  0.99043028  0.98754359
  1.03326868  1.02171232  1.00611721
  0.0499999989  1.02284643  1.02284643  0.993577211  0.993464337  0.991423637
  1.03434067  1.02440531  1.00863855
  0.0549999988  1.02394264  1.02394264  0.996347402  0.996271684  0.995124224
  1.03467536  1.02668773  1.01084397
  0.0599999987  1.02477115  1.02477115  0.998802723  0.998753731  0.998500241
  1.03417493  1.02840544  1.01268867
  0.0649999985  1.02533856  1.02533856  1.00077027  1.00073342  1.00128606
  1.03301218  1.02950152  1.01411145
  0.0699999984  1.02581009  1.02581009  1.00270345  1.00267384  1.00408653
  1.03142727  1.03044328  1.01543315
  0.0749999983  1.02604152  1.02604152  1.00387143  1.00385429  1.0058348
  1.02943566  1.03062046  1.01624063
  0.0799999982  1.02624335  1.02624335  1.00507612  1.00507351  1.00766983
  1.02708772  1.03072323  1.01702969
  0.0849999981  1.0263441  1.0263441  1.00559281  1.00559257  1.00848721
  1.02482833  1.03028319  1.01748635
  0.089999998  1.02641721  1.02641721  1.00593121  1.00592961  1.00904549
  1.02235619  1.02962149  1.01786193
  0.0949999979  1.02637249  1.02637249  1.00603497  1.00603269  1.0092514
  1.01991079  1.02875313  1.0180778
  0.100000001  1.02611282  1.02611282  1.00560746  1.00560603  1.0086372
  1.01797487  1.02755462  1.01796459
  0.150000002  1.02059978  1.02059978  1.00081481  1.00081481  1.0012944
  1.00264836  1.01019348  1.01514203
  0.200000003  1.01241183  1.01241183  0.999034442  0.999034442  0.998439746
  0.996662858  0.995882969  1.01068958
  0.250000004  1.0021202  1.0021202  0.998729981  0.998729981  0.997947954
  0.995511574  0.991277121  1.00353959
  0.300000004  0.990105339  0.990105339  0.998530625  0.998530625  0.997648597
  0.994835689  0.988119702  0.993535867
  0.350000005  0.97760167  0.97760167  0.998367636  0.998367636  0.997431769
  0.99441734  0.985256133  0.982002342
  0.400000006  0.965090611  0.965090611  0.998228553  0.998228553  0.997277782
  0.994208407  0.982644578  0.96972416
  0.450000007  0.953060827  0.953060827  0.998120777  0.998120777  0.997196399
  0.994228453  0.980424655  0.95742161
  0.500000007  0.941862963  0.941862963  0.998063196  0.998063196  0.997208318
  0.994512892  0.978778132  0.945576616
  0.550000008  0.932235341  0.932235341  0.99808008  0.99808008  0.997331526
  0.995090578  0.97797982  0.935006832
  0.600000009  0.92514939  0.92514939  0.998198129  0.998198129  0.99757566
  0.995952902  0.978309466  0.926785806
  0.65000001  0.921095773  0.921095773  0.998483147  0.998483147  0.99802358
  0.997212206  0.98013782  0.921318818
  0.70000001  0.921903217  0.921903217  0.999292166  0.999292166  0.999145039
  0.999071109  0.984365076  0.92012221
  0.750000011  0.933458651  0.933458651  1.00145638  1.00145638  1.00145642
  1.00145642  0.992705365  0.928108545
  0.800000012  0.972872226  0.972872226  1.00351658  1.00351658  1.00351658
  1.00351658  1.00563332  0.964882426
  0.850000013  1.04245036  1.04245036  1.00440223  1.00440223  1.00440223
  1.00440223  1.02179145  1.034379
  0.900000013  1.14388997  1.14388997  1.00093613  1.00093613  1.00093613
  1.00093613  1.04028475  1.13790462
  0.950000014  1.28271891  1.28271891  0.958557841  0.958557841  0.958557975
  0.958557975  1.05756775  1.28065357
  4096.
  9.99999975E-06  0.961284893  0.961284893  0.872876451  0.872871431
  0.872361498  0.875208337  0.890461247  0.876615256
  1.49999996E-05  0.961929193  0.961929193  0.877420574  0.877411668
  0.87681163  0.879962347  0.894952642  0.881201978
  1.99999995E-05  0.96243786  0.96243786  0.880605594  0.880597641  0.879925054
  0.88345243  0.898217762  0.88448027
  2.49999994E-05  0.962864146  0.962864146  0.883093967  0.883087262
  0.882356282  0.886204869  0.900788389  0.887040441
  2.99999992E-05  0.963233421  0.963233421  0.885213921  0.88520616
  0.884425529  0.888469665  0.902903592  0.889179483
  3.49999991E-05  0.963561865  0.963561865  0.88712552  0.887115003
  0.886290533  0.890424831  0.904720739  0.891080116
  3.9999999E-05  0.963858771  0.963858771  0.888807576  0.888794928
  0.887929215  0.892126739  0.906296043  0.892750002
  4.49999989E-05  0.964130875  0.964130875  0.890281668  0.890268517
  0.889364242  0.893645087  0.907693247  0.894225961
  4.99999987E-05  0.964382204  0.964382204  0.891602363  0.891589636
  0.890649287  0.895038821  0.908968813  0.895561571
  5.49999986E-05  0.964616145  0.964616145  0.89278714  0.892775014
  0.891800764  0.896321225  0.910136799  0.896770489
  5.99999985E-05  0.964837305  0.964837305  0.893815741  0.893802259
  0.892798217  0.897439911  0.911154192  0.89781899
  6.49999984E-05  0.965043739  0.965043739  0.894829887  0.894814646
  0.893781944  0.898542776  0.912160204  0.898853
  6.99999982E-05  0.965241686  0.965241686  0.895729286  0.895712014
  0.894654022  0.899507481  0.913039127  0.899765746
  7.49999981E-05  0.96542815  0.96542815  0.896619027  0.896600096  0.895517037
  0.90046475  0.913913395  0.900670024
  7.9999998E-05  0.965607833  0.965607833  0.897402051  0.897382632
  0.896275513  0.901309976  0.914683031  0.901465979
  8.49999979E-05  0.965777241  0.965777241  0.898209434  0.898189483
  0.897058257  0.902183674  0.915481726  0.902288087
  8.99999977E-05  0.965943371  0.965943371  0.89888786  0.89886709  0.897714401
  0.902916608  0.916149823  0.902978296
  9.49999976E-05  0.966100738  0.966100738  0.899593313  0.899571689
  0.89839736  0.90368065  0.9168489  0.90369718
  9.99999975E-05  0.966253395  0.966253395  0.900246129  0.900223645
  0.899028842  0.904388716  0.917495766  0.904364302
  0.000149999996  0.967547518  0.967547518  0.905290192  0.905257666
  0.903883373  0.91009049  0.922651636  0.909615589
  0.000199999995  0.968570474  0.968570474  0.908767158  0.908726124
  0.907211737  0.914236684  0.926356505  0.913304098
  0.000249999994  0.969431869  0.969431869  0.911544455  0.911498674
  0.909870995  0.917508927  0.929282752  0.916239808
  0.000299999992  0.970178269  0.970178269  0.913868101  0.913818296
  0.912089174  0.920282788  0.93175594  0.918712984
  0.000349999991  0.970847935  0.970847935  0.915765986  0.915710788
  0.913893614  0.922616554  0.933808381  0.920758121
  0.00039999999  0.97145337  0.97145337  0.917432747  0.917370469  0.915473218
  0.924698172  0.935628844  0.922565761
  0.000449999989  0.972009256  0.972009256  0.918899923  0.9188299  0.916860444
  0.926551969  0.93724877  0.92416771
  0.000499999987  0.972527834  0.972527834  0.920144898  0.92006906
  0.918036498  0.92819071  0.938680468  0.925545411
  0.000549999986  0.973010187  0.973010187  0.921300344  0.921219863
  0.919127781  0.929723002  0.940020738  0.926820256
  0.000599999985  0.97346005  0.97346005  0.922404492  0.922320248  0.920170914
  0.931191648  0.941307326  0.928032659
  0.000649999984  0.973892028  0.973892028  0.923440446  0.923351914
  0.921149507  0.932437744  0.942386717  0.929135112
  0.000699999982  0.97429607  0.97429607  0.924495647  0.924402537  0.922148868
  0.933713128  0.943493987  0.930261242
  0.000749999981  0.974686935  0.974686935  0.925390335  0.925292253
  0.922993974  0.934813732  0.94443785  0.931224209
  0.00079999998  0.975054277  0.975054277  0.926317924  0.926214553
  0.923872503  0.935963103  0.945427536  0.932226172
  0.000849999979  0.975412769  0.975412769  0.927090728  0.926981285
  0.924598362  0.936923691  0.946247877  0.933068465
  0.000899999977  0.975751439  0.975751439  0.927899551  0.92778376
  0.925360471  0.937936106  0.947116184  0.933952507
  0.000949999976  0.976081623  0.976081623  0.928576936  0.928454182
  0.925993171  0.938843661  0.947887816  0.934709124
  0.00100000005  0.976400024  0.976400024  0.929200243  0.929070087
  0.926572566  0.939717062  0.948627449  0.935415759
  0.00150000007  0.979106405  0.979106405  0.934434274  0.934272015
  0.931466982  0.946960484  0.954729602  0.941323962
  0.00200000009  0.981259551  0.981259551  0.938207134  0.93803593  0.935000755
  0.952329826  0.959223625  0.945664625
  0.00250000012  0.983075904  0.983075904  0.940997407  0.940802373
  0.937585395  0.956677424  0.962836902  0.948984532
  0.00300000014  0.984669935  0.984669935  0.943340911  0.943118824
  0.939754918  0.960247125  0.965785228  0.951727106
  0.00350000017  0.986094526  0.986094526  0.94551263  0.945269926  0.941778921
  0.963366714  0.968350096  0.954224071
  0.00400000019  0.98739181  0.98739181  0.9473859  0.947128353  0.943523559
  0.966128634  0.970597011  0.956421411
  0.00450000021  0.98858586  0.98858586  0.948944598  0.948674924  0.944963859
  0.968631721  0.972606065  0.958317872
  0.00500000024  0.989692876  0.989692876  0.950300233  0.950019148
  0.946210315  0.970971731  0.974459438  0.96001449
  0.00550000026  0.99073658  0.99073658  0.951505627  0.951212426  0.94732077
  0.973067719  0.976087522  0.961536325
  0.00600000028  0.991720696  0.991720696  0.952603498  0.952296422
  0.948328228  0.975020285  0.977587942  0.962939971
  0.00650000031  0.992642902  0.992642902  0.953681982  0.953359618
  0.949320018  0.976983269  0.979088622  0.964329421
  0.00700000033  0.993535789  0.993535789  0.95454733  0.954213196  0.95010255
  0.978637666  0.980332187  0.965479918
  0.00750000036  0.994372225  0.994372225  0.955457963  0.955111472
  0.950933569  0.980419537  0.981674291  0.966693116
  0.00800000038  0.995190846  0.995190846  0.956180451  0.955824948
  0.951589862  0.981907437  0.982774286  0.967701074
  0.0085000004  0.995963338  0.995963338  0.95694476  0.95657972  0.952290585
  0.983513208  0.9839639  0.968766944
  0.00900000043  0.996716963  0.996716963  0.957520636  0.957144063
  0.952799332  0.984929975  0.985004266  0.969623241
  0.00950000045  0.997440088  0.997440088  0.958052789  0.957663634
  0.953262971  0.986346052  0.986041331  0.970437278
  0.00999999978  0.99813281  0.99813281  0.958606483  0.958204997  0.953750631
  0.987799846  0.987104398  0.971267003
  0.0149999997  1.00410631  1.00410631  0.96596524  0.96554101  0.960896478
  0.999618415  0.995377351  0.979706332
  0.0199999996  1.00881013  1.00881013  0.973673971  0.973296155  0.968855685
  1.00903266  1.00170251  0.987758431
  0.0249999994  1.01261782  1.01261782  0.978609082  0.978262542  0.974137974
  1.01648712  1.00691718  0.993360027
  0.0299999993  1.01568988  1.01568988  0.982647808  0.982343374  0.97865966
  1.02268304  1.01170775  0.997863729
  0.0349999992  1.0181825  1.0181825  0.986570488  0.986328704  0.983218827
  1.02723862  1.01585759  1.00183078
  0.0399999991  1.02017315  1.02017315  0.990166582  0.989985009  0.98753518
  1.03021932  1.01914703  1.00520853
  0.044999999  1.02173235  1.02173235  0.99320568  0.993068831  0.991312928
  1.03191377  1.02169153  1.00791968
  0.0499999989  1.02294068  1.02294068  0.995880756  0.995782221  0.994745767
  1.03268764  1.0236901  1.01017294
  0.0549999988  1.02388772  1.02388772  0.998334948  0.998268915  0.997986564
  1.03278847  1.02530786  1.01211845
  0.0599999987  1.02458447  1.02458447  1.00047154  1.00042846  1.00088969
  1.03213639  1.02641717  1.01370856
  0.0649999985  1.02503793  1.02503793  1.00214044  1.0021084  1.00322457
  1.03091178  1.0269974  1.01489587
  0.0699999984  1.02540489  1.02540489  1.00376389  1.00373897  1.00554942
  1.02928973  1.02741081  1.0159839
  0.0749999983  1.02554757  1.02554757  1.00467669  1.00466222  1.00690434
  1.02736603  1.02721836  1.0165967
  0.0799999982  1.025665  1.025665  1.00560909  1.00560673  1.00831448
  1.02509868  1.02691953  1.0171891
  0.0849999981  1.02566731  1.02566731  1.00593035  1.00593002  1.00883237
  1.02296091  1.02622327  1.01747203
  0.089999998  1.02563945  1.02563945  1.00608123  1.00607982  1.00910435
  1.02062985  1.02532368  1.01767493
  0.0949999979  1.02550522  1.02550522  1.00603341  1.00603147  1.00908091
  1.0183135  1.02425576  1.01774381
  0.100000001  1.02517401  1.02517401  1.00555011  1.00554889  1.00839328
  1.01647489  1.02298395  1.01753936
  0.150000002  1.01922372  1.01922372  1.00056039  1.00056039  1.00087342
  1.0017043  1.00653639  1.01407862
  0.200000003  1.01074762  1.01074762  0.998754357  0.998754357  0.998021598
  0.995965011  0.994174404  1.00916763
  0.250000004  1.00027362  1.00027362  0.998393054  0.998393054  0.99744605
  0.994669066  0.989462934  1.00166111
  0.300000004  0.988221572  0.988221572  0.998141198  0.998141198  0.99707236
  0.993855488  0.985777047  0.991468614
  0.350000005  0.975820617  0.975820617  0.997936064  0.997936064  0.996802228
  0.993345698  0.982428178  0.979939605
  0.400000006  0.963495313  0.963495313  0.997761567  0.997761567  0.996610325
  0.993082101  0.979353295  0.967800362
  0.450000007  0.951707163  0.951707163  0.997627292  0.997627292  0.996508996
  0.993090687  0.976716618  0.955731227
  0.500000007  0.940813814  0.940813814  0.997556305  0.997556305  0.996522906
  0.993415362  0.974738632  0.944216234
  0.550000008  0.931560926  0.931560926  0.997578652  0.997578652  0.99667415
  0.994092959  0.973760582  0.934078873
  0.600000009  0.924912288  0.924912288  0.997727645  0.997727645  0.996976687
  0.995118126  0.974140421  0.926369049
  0.65000001  0.921412145  0.921412145  0.998090444  0.998090444  0.997542844
  0.996630488  0.976368651  0.921549497
  0.70000001  0.923048472  0.923048472  0.999113379  0.999113379  0.998946228
  0.998865931  0.981615383  0.92132232
  0.750000011  0.936067378  0.936067378  1.00176571  1.00176571  1.00176575
  1.00176575  0.992068793  0.931174218
  0.800000012  0.97646876  0.97646876  1.00436591  1.00436591  1.00436591
  1.00436591  1.00831471  0.969306447
  0.850000013  1.04597882  1.04597882  1.0057824  1.0057824  1.0057824
  1.0057824  1.02899334  1.03877317
  0.900000013  1.14649124  1.14649124  1.00286323  1.00286323  1.00286323
  1.00286323  1.05352831  1.14113053
  0.950000014  1.28363473  1.28363473  0.960799074  0.960799074  0.960799192
  0.960799192  1.07801473  1.28175808
  16384.
  9.99999975E-06  0.961928321  0.961928321  0.881183786  0.881179448
  0.880808476  0.883248966  0.899574852  0.884305949
  1.49999996E-05  0.96262856  0.96262856  0.885475263  0.885468089  0.885028324
  0.887753121  0.903861684  0.888648402
  1.99999995E-05  0.963178763  0.963178763  0.888508098  0.888501568
  0.888006422  0.891053647  0.906972993  0.891763909
  2.49999994E-05  0.963638295  0.963638295  0.890888348  0.890882488
  0.890342535  0.893657099  0.909420436  0.894206557
  2.99999992E-05  0.964035651  0.964035651  0.892903963  0.892897049
  0.892318718  0.895800965  0.911432656  0.896244276
  3.49999991E-05  0.964388265  0.964388265  0.894699727  0.894690645
  0.894078037  0.897651185  0.913160643  0.898039743
  3.9999999E-05  0.964706546  0.964706546  0.89627208  0.896261387  0.895616537
  0.899262355  0.914659375  0.899611135
  4.49999989E-05  0.96499779  0.96499779  0.897652496  0.897641348  0.896966402
  0.900699256  0.915988872  0.901000723
  4.99999987E-05  0.965266414  0.965266414  0.898894399  0.898883395
  0.898180332  0.902017461  0.917202965  0.902261002
  5.49999986E-05  0.965516162  0.965516162  0.900014124  0.900003292
  0.899273892  0.903229466  0.918314849  0.903405374
  5.99999985E-05  0.965751953  0.965751953  0.900986944  0.900974921
  0.900222312  0.904286202  0.919281908  0.904399103
  6.49999984E-05  0.965971956  0.965971956  0.901947137  0.901933644
  0.901158651  0.90532962  0.920239579  0.905380385
  6.99999982E-05  0.966182543  0.966182543  0.902794414  0.902779342
  0.901984402  0.906241714  0.921074175  0.906243421
  7.49999981E-05  0.966380841  0.966380841  0.903633924  0.903617524
  0.902802834  0.907148033  0.921905693  0.907099803
  7.9999998E-05  0.966571714  0.966571714  0.90437185  0.904354938  0.903521352
  0.907947407  0.922636274  0.907853072
  8.49999979E-05  0.966751673  0.966751673  0.905134351  0.905116892
  0.904264364  0.908775305  0.923396223  0.908632637
  8.99999977E-05  0.966927789  0.966927789  0.905772181  0.905753974
  0.904884523  0.909468004  0.924028172  0.909284789
  9.49999976E-05  0.967094659  0.967094659  0.906436881  0.906417898
  0.905531377  0.910191484  0.92469106  0.909965406
  9.99999975E-05  0.967256316  0.967256316  0.907050962  0.907031196
  0.906128485  0.910861708  0.925303663  0.910595799
  0.000149999996  0.968622793  0.968622793  0.911822625  0.911794061
  0.91074989  0.916263285  0.930196193  0.915573446
  0.000199999995  0.969697871  0.969697871  0.915143036  0.915107177
  0.913952808  0.920192857  0.933716863  0.919094316
  0.000249999994  0.970599672  0.970599672  0.917781087  0.917740778
  0.916496669  0.923295717  0.936488908  0.921887769
  0.000299999992  0.971379211  0.971379211  0.919989529  0.91994519
  0.918620903  0.925931456  0.938835086  0.924242808
  0.000349999991  0.972076471  0.972076471  0.921798723  0.921749254
  0.920355387  0.928147718  0.940783576  0.926193327
  0.00039999999  0.972705679  0.972705679  0.923389296  0.923333498
  0.921876503  0.930125242  0.942513825  0.92791892
  0.000449999989  0.973282417  0.973282417  0.924788384  0.92472592  0.92321213
  0.931886497  0.94405149  0.929446496
  0.000499999987  0.973819137  0.973819137  0.925986107  0.925918512
  0.92435493  0.933442361  0.945405901  0.930768253
  0.000549999986  0.974317789  0.974317789  0.927102305  0.927030412
  0.925419882  0.934898646  0.94667373  0.931997555
  0.000599999985  0.974782565  0.974782565  0.928172535  0.928096951
  0.926441309  0.936296305  0.947891461  0.933172205
  0.000649999984  0.975227695  0.975227695  0.929149374  0.929069714
  0.92737193  0.937480458  0.948911012  0.934218384
  0.000699999982  0.97564401  0.97564401  0.93014597  0.93006197  0.928323533
  0.938694852  0.949959865  0.93528871
  0.000749999981  0.976045745  0.976045745  0.930989913  0.930901276
  0.929127238  0.939740554  0.950851792  0.936202574
  0.00079999998  0.976423419  0.976423419  0.931867033  0.931773484
  0.929964633  0.940835083  0.951789954  0.937155524
  0.000849999979  0.97679118  0.97679118  0.932591841  0.932492881  0.930651472
  0.941748397  0.952564781  0.937950078
  0.000899999977  0.977138793  0.977138793  0.933352579  0.933247938
  0.93137448  0.942713154  0.953387478  0.938786169
  0.000949999976  0.977476998  0.977476998  0.933997875  0.933887303
  0.931984039  0.943576792  0.954117499  0.939508706
  0.00100000005  0.977802902  0.977802902  0.934597091  0.93448035  0.932548353
  0.944407798  0.954817282  0.94018815
  0.00150000007  0.980563263  0.980563263  0.939595397  0.939450542
  0.937275919  0.951301229  0.96058307  0.945848399
  0.00200000009  0.982746936  0.982746936  0.943178122  0.943022353
  0.940666667  0.956416459  0.96481718  0.949989598
  0.00250000012  0.984581506  0.984581506  0.94586377  0.945685299  0.943188607
  0.960562123  0.968216689  0.953189837
  0.00300000014  0.986185414  0.986185414  0.948110252  0.947907455
  0.945295698  0.963967479  0.970983692  0.955834364
  0.00350000017  0.987614971  0.987614971  0.950158277  0.949936703
  0.947224211  0.966948219  0.973388677  0.958215819
  0.00400000019  0.988913265  0.988913265  0.951917621  0.951682021
  0.948879319  0.96958972  0.975494682  0.960303149
  0.00450000021  0.990105574  0.990105574  0.953395082  0.953147641
  0.950261813  0.971985218  0.977378907  0.962116986
  0.00500000024  0.991209093  0.991209093  0.954692684  0.954433927
  0.951472651  0.974225633  0.979118806  0.963751964
  0.00550000026  0.992246709  0.992246709  0.955841581  0.955571014
  0.952545347  0.976228967  0.98064484  0.965212634
  0.00600000028  0.993223129  0.993223129  0.956887427  0.956603903
  0.953518732  0.978095065  0.982051389  0.96655889
  0.00650000031  0.994138003  0.994138003  0.957916402  0.957618836
  0.954478703  0.979973745  0.983461255  0.967893434
  0.00700000033  0.995020077  0.995020077  0.958743701  0.958435274  0.95524022
  0.981552786  0.98462417  0.968998464
  0.00750000036  0.995847449  0.995847449  0.959617927  0.959298046
  0.956052095  0.983258551  0.985884728  0.970168236
  0.00800000038  0.996653255  0.996653255  0.960312018  0.95998351  0.956693523
  0.984676306  0.986910536  0.971133894
  0.0085000004  0.99741474  0.99741474  0.961049006  0.960711335  0.957380694
  0.9862107  0.988024635  0.972158697
  0.00900000043  0.998154659  0.998154659  0.961629102  0.961281164
  0.957909083  0.987559929  0.988992303  0.97300318
  0.00950000045  0.998864423  0.998864423  0.96217708  0.961818145  0.958405098
  0.988908684  0.989956373  0.973816208
  0.00999999978  0.999544359  0.999544359  0.96274796  0.962378279  0.958926642
  0.990295016  0.990946334  0.974647626
  0.0149999997  1.00535768  1.00535768  0.969887978  0.969501074  0.965916497
  1.00147399  0.998572358  0.982870858
  0.0199999996  1.00987381  1.00987381  0.976993241  0.976647442  0.973238821
  1.01027404  1.00433698  0.990384855
  0.0249999994  1.01347682  1.01347682  0.981601668  0.981285892  0.97816965
  1.01712762  1.00898052  0.995649392
  0.0299999993  1.01635746  1.01635746  0.985425668  0.985150773  0.982442326
  1.02273867  1.01313301  0.99992302
  0.0349999992  1.01866695  1.01866695  0.989082532  0.988865409  0.986671361
  1.02678362  1.01659936  1.00363298
  0.0399999991  1.02048681  1.02048681  0.99238151  0.992218797  0.990605947
  1.02935325  1.01925727  1.00673602
  0.044999999  1.02189006  1.02189006  0.995147637  0.995025564  0.99401925
  1.03073118  1.02122997  1.00919955
  0.0499999989  1.022959  1.022959  0.997560678  0.997473031  0.997090792
  1.03126207  1.02270337  1.01122208
  0.0549999988  1.02378227  1.02378227  0.999754529  0.999695844  0.999963169
  1.03117067  1.02382283  1.01294672
  0.0599999987  1.02436947  1.02436947  1.00163237  1.00159386  1.00249278
  1.03039257  1.02448381  1.01432524
  0.0649999985  1.0247278  1.0247278  1.00306309  1.00303472  1.00447772
  1.02911382  1.0246929  1.01532173
  0.0699999984  1.02500681  1.02500681  1.00443984  1.00441837  1.00643396
  1.02745653  1.02472728  1.01622102
  0.0749999983  1.02507334  1.02507334  1.00515601  1.00514351  1.00749381
  1.02558031  1.02428349  1.01668133
  0.0799999982  1.0251176  1.0251176  1.00587787  1.00587571  1.00858415
  1.02336928  1.02371004  1.01711893
  0.0849999981  1.02503901  1.02503901  1.00605352  1.00605313  1.00888459
  1.02132047  1.0228501  1.01727179
  0.089999998  1.0249286  1.0249286  1.00606629  1.00606503  1.00895118
  1.01909327  1.02180254  1.01734679
  0.0949999979  1.02472101  1.02472101  1.00590748  1.00590579  1.00876418
  1.01687343  1.02061424  1.01730685
  0.100000001  1.02433148  1.02433148  1.00538724  1.00538618  1.00803026
  1.01511232  1.01931452  1.01703656
  0.150000002  1.01801394  1.01801394  1.00029852  1.00029852  1.00045711
  1.00086107  1.00373272  1.01311673
  0.200000003  1.00929697  1.00929697  0.99848656  0.99848656  0.99762875
  0.995332148  0.992684765  1.00784738
  0.250000004  0.998675941  0.998675941  0.998074422  0.998074422  0.996979307
  0.993911097  0.987785425  1.0000496
  0.300000004  0.986600764  0.986600764  0.997774837  0.997774837  0.996539197
  0.992978603  0.983630176  0.989708173
  0.350000005  0.974295495  0.974295495  0.997531834  0.997531834  0.996222054
  0.992390659  0.979852169  0.978193568
  0.400000006  0.962135677  0.962135677  0.997325847  0.997325847  0.995997206
  0.992081015  0.976366761  0.966180293
  0.450000007  0.950561383  0.950561383  0.997168572  0.997168572  0.995879367
  0.992081591  0.973360407  0.954317359
  0.500000007  0.939936696  0.939936696  0.997086855  0.997086855  0.995896735
  0.99244409  0.971089664  0.943091072
  0.550000008  0.931013678  0.931013678  0.997116152  0.997116152  0.996075339
  0.993212814  0.969958349  0.933329684
  0.600000009  0.924752265  0.924752265  0.997296042  0.997296042  0.996433877
  0.994385702  0.970399758  0.92606817
  0.65000001  0.921745278  0.921745278  0.997735913  0.997735913  0.997115267
  0.996128021  0.97302233  0.921821134
  0.70000001  0.924120227  0.924120227  0.998968042  0.998968042  0.998788509
  0.998705323  0.979258888  0.922456193
  0.750000011  0.938392357  0.938392357  1.00207284  1.00207284  1.00207287
  1.00207287  0.991751692  0.933885919
  0.800000012  0.979604771  0.979604771  1.00517211  1.00517211  1.00517211
  1.00517211  1.0111866  0.973116429
  0.850000013  1.04903018  1.04903018  1.00710779  1.00710779  1.00710779
  1.00710779  1.03627846  1.0425256
  0.900000013  1.14873579  1.14873579  1.00480295  1.00480295  1.00480294
  1.00480294  1.06691351  1.14388394
  0.950000014  1.28442975  1.28442975  0.964171786  0.964171786  0.964171891
  0.964171891  1.09916839  1.2827112
