  4.
  9.99999975E-06  0.922529528  0.922529528  0.745753693  0.745653871
  0.736349625  0.74732023  0.61128077  0.756997788
  1.49999996E-05  0.92272369  0.92272369  0.761432359  0.761323735  0.751712216
  0.756890205  0.629499779  0.77031796
  1.99999995E-05  0.922898989  0.922898989  0.768711366  0.768611532
  0.758508507  0.764448321  0.641830612  0.778386644
  2.49999994E-05  0.923059384  0.923059384  0.77101463  0.770924964
  0.760274919  0.769963429  0.650023695  0.782154957
  2.99999992E-05  0.923208923  0.923208923  0.772668483  0.772564641
  0.761488155  0.774082545  0.656281536  0.783705091
  3.49999991E-05  0.923347149  0.923347149  0.776555074  0.776404406
  0.765113962  0.77763999  0.662237211  0.786655938
  3.9999999E-05  0.923479604  0.923479604  0.781543845  0.781350246
  0.769935168  0.780775241  0.667593819  0.791023237
  4.49999989E-05  0.92360463  0.92360463  0.785805342  0.785599064  0.774015565
  0.783542456  0.671916564  0.795153466
  4.99999987E-05  0.92372298  0.92372298  0.78899899  0.788796975  0.776994033
  0.786190945  0.675528701  0.798589852
  5.49999986E-05  0.923836657  0.923836657  0.791150928  0.790953539
  0.778899013  0.788895086  0.678728996  0.801282455
  5.99999985E-05  0.923949724  0.923949724  0.792530361  0.792330323
  0.78004065  0.791271493  0.681292152  0.803032349
  6.49999984E-05  0.924056402  0.924056402  0.793855516  0.793653648
  0.781142411  0.793501274  0.683829438  0.804686117
  6.99999982E-05  0.924160914  0.924160914  0.795341329  0.795145065
  0.782456835  0.795157765  0.68647461  0.806412935
  7.49999981E-05  0.92426038  0.92426038  0.796765779  0.796566947  0.783711335
  0.796750501  0.688862557  0.808076195
  7.9999998E-05  0.92435887  0.92435887  0.797973618  0.797750821  0.784748215
  0.798076764  0.690450059  0.809490891
  8.49999979E-05  0.9244519  0.9244519  0.799185683  0.79893855  0.78579028
  0.799420112  0.692046136  0.81088873
  8.99999977E-05  0.924547096  0.924547096  0.80019089  0.799919589
  0.786619253  0.800521193  0.693298484  0.811662286
  9.49999976E-05  0.924637134  0.924637134  0.801210066  0.800914259
  0.787462869  0.801648127  0.694574243  0.812447933
  9.99999975E-05  0.924726613  0.924726613  0.802409067  0.802107455
  0.788509975  0.802730997  0.696524515  0.813431515
  0.000149999996  0.925535038  0.925535038  0.811772318  0.811487185
  0.796711137  0.812637495  0.714108693  0.823712724
  0.000199999995  0.926236444  0.926236444  0.815030675  0.814632204
  0.799033298  0.820493419  0.719962639  0.829690204
  0.000249999994  0.926869785  0.926869785  0.818595728  0.818121023
  0.801805934  0.826368939  0.726702548  0.833998792
  0.000299999992  0.927449197  0.927449197  0.822282136  0.821782365
  0.804782781  0.831127723  0.734268325  0.838256375
  0.000349999991  0.927994274  0.927994274  0.824699211  0.824204808
  0.806555612  0.835366873  0.739882036  0.841665151
  0.00039999999  0.928505935  0.928505935  0.826716143  0.826214106
  0.808020487  0.839276606  0.743754089  0.844762656
  0.000449999989  0.928990558  0.928990558  0.829155961  0.828604007
  0.810027431  0.842680203  0.746501052  0.848592634
  0.000499999987  0.929459745  0.929459745  0.830192994  0.829603835
  0.810555607  0.845613999  0.749333556  0.850973075
  0.000549999986  0.929905712  0.929905712  0.830276812  0.829672622
  0.810084033  0.848352106  0.752612649  0.851640053
  0.000599999985  0.930327409  0.930327409  0.829643716  0.829043058
  0.80885042  0.850965791  0.756295476  0.850902132
  0.000649999984  0.930749372  0.930749372  0.83160693  0.830959328
  0.810549272  0.853221571  0.759420328  0.853085204
  0.000699999982  0.931145611  0.931145611  0.833594829  0.832897311
  0.812286346  0.855498431  0.762439786  0.855267416
  0.000749999981  0.931541024  0.931541024  0.835016808  0.8342673  0.813406546
  0.857567001  0.764581292  0.856625934
  0.00079999998  0.931912896  0.931912896  0.836531647  0.835732665
  0.814638029  0.859694151  0.766811228  0.858134267
  0.000849999979  0.93229007  0.93229007  0.838879488  0.838076519  0.816906281
  0.861530081  0.769364655  0.86110935
  0.000899999977  0.932645099  0.932645099  0.84125919  0.840452183
  0.819221484  0.863423135  0.771975391  0.864135114
  0.000949999976  0.933001019  0.933001019  0.842378325  0.841532617
  0.820099098  0.865132256  0.77394787  0.865747731
  0.00100000005  0.933348088  0.933348088  0.842893173  0.841991699
  0.820280667  0.866774048  0.775627361  0.866683349
  0.00150000007  0.93646585  0.93646585  0.848997922  0.847799962  0.824170419
  0.880903616  0.790117806  0.875247642
  0.00200000009  0.939167813  0.939167813  0.855773051  0.854567691
  0.829937932  0.891215157  0.801966003  0.88415488
  0.00250000012  0.941589036  0.941589036  0.858803385  0.857533191
  0.831630477  0.899538995  0.811586964  0.889158601
  0.00300000014  0.943829859  0.943829859  0.860794674  0.859398524
  0.832381479  0.906377971  0.819594989  0.891584117
  0.00350000017  0.945910674  0.945910674  0.864850548  0.863345743  0.835879
  0.912141835  0.826844714  0.895692509
  0.00400000019  0.947869813  0.947869813  0.869316424  0.867714708
  0.840038599  0.91710331  0.833424103  0.900784951
  0.00450000021  0.949728895  0.949728895  0.872487308  0.870786578  0.8427337
  0.921609558  0.839319925  0.904638292
  0.00500000024  0.951495736  0.951495736  0.874529962  0.87273369  0.844152493
  0.925906931  0.844613369  0.907133858
  0.00550000026  0.953209221  0.953209221  0.876525266  0.874663658
  0.845698727  0.93002242  0.849106388  0.909684992
  0.00600000028  0.954863045  0.954863045  0.878497874  0.876609173
  0.847272275  0.933930251  0.853133901  0.912332461
  0.00650000031  0.956420252  0.956420252  0.880482272  0.878584972
  0.848889247  0.937852603  0.857011078  0.91506113
  0.00700000033  0.958001384  0.958001384  0.881997335  0.880078999
  0.850020003  0.941201611  0.860500516  0.917119584
  0.00750000036  0.959468611  0.959468611  0.883532835  0.881592207
  0.851180862  0.944703082  0.864077599  0.919213591
  0.00800000038  0.960968291  0.960968291  0.885388766  0.883393821
  0.852823069  0.947649588  0.866379827  0.922492163
  0.0085000004  0.962368485  0.962368485  0.887280019  0.88522972  0.854516241
  0.950753713  0.868763433  0.925825252
  0.00900000043  0.96379178  0.96379178  0.887476195  0.885375461  0.854144221
  0.95353248  0.871050896  0.927146889
  0.00950000045  0.965164597  0.965164597  0.887139134  0.884988917
  0.853101805  0.956292632  0.873356277  0.927849576
  0.00999999978  0.966482403  0.966482403  0.88671806  0.884519943  0.851959593
  0.959141107  0.875761174  0.928334897
  0.0149999997  0.978818571  0.978818571  0.892055972  0.889698876  0.854336566
  0.988867162  0.899064307  0.933276687
  0.0199999996  0.989849994  0.989849994  0.914172166  0.911971975  0.879465176
  1.01923378  0.915690971  0.955901952
  0.0249999994  1.00014773  1.00014773  0.92603652  0.923966582  0.8925358
  1.04621879  0.928156078  0.970824482
  0.0299999993  1.00904843  1.00904843  0.932030422  0.930135169  0.898856076
  1.06988798  0.93984705  0.977166999
  0.0349999992  1.01696718  1.01696718  0.939060799  0.937491742  0.907155756
  1.08825811  0.964090997  0.981818648
  0.0399999991  1.02391133  1.02391133  0.947165795  0.945963027  0.917360413
  1.10068289  0.987289956  0.98742549
  0.044999999  1.02989121  1.02989121  0.954091671  0.953152831  0.92647776
  1.10779677  1.00822376  0.991888763
  0.0499999989  1.03496304  1.03496304  0.960324113  0.959628168  0.935122859
  1.11080556  1.02736632  0.995677629
  0.0549999988  1.03921361  1.03921361  0.966268714  0.965813561  0.943726887
  1.11071885  1.0453434  0.9991375
  0.0599999987  1.0426697  1.0426697  0.971967985  0.971755671  0.952318756
  1.10716181  1.06170144  1.00237165
  0.0649999985  1.04532449  1.04532449  0.977078984  0.977030916  0.960297535
  1.10023584  1.0759256  1.00529794
  0.0699999984  1.04761534  1.04761534  0.98223081  0.982325843  0.968508635
  1.09135133  1.0900912  1.00813994
  0.0749999983  1.04882551  1.04882551  0.986307218  0.986452139  0.975434257
  1.07932051  1.10102312  1.01000012
  0.0799999982  1.04986902  1.04986902  0.990546882  0.99073446  0.982759816
  1.06555069  1.1123431  1.0117749
  0.0849999981  1.05110342  1.05110342  0.993617312  0.993771756  0.988226554
  1.05168573  1.12060109  1.01401694
  0.089999998  1.05234157  1.05234157  0.996505373  0.996601901  0.993456987
  1.03667134  1.12836201  1.01640209
  0.0949999979  1.05316413  1.05316413  0.998677159  0.99872714  0.997432845
  1.02310147  1.13481967  1.01830428
  0.100000001  1.05330341  1.05330341  0.999185799  0.999216561  0.998415446
  1.01442213  1.13810494  1.01927911
  0.150000002  1.04576554  1.04576554  1.  1.  1.  1.  1.11884102  1.0272884
  0.200000003  1.03535948  1.03535948  1.  1.  1.  1.  1.02305122  1.03122681
  0.250000004  1.02269123  1.02269123  1.  1.  1.  1.  1.  1.02622074
  0.300000004  1.00595856  1.00595856  1.  1.  1.  1.  1.  1.01472249
  0.350000005  0.986529915  0.986529915  1.  1.  1.  1.  1.  0.998213027
  0.400000006  0.96577132  0.96577132  1.  1.  1.  1.  1.  0.978362257
  0.450000007  0.944985208  0.944985208  1.  1.  1.  1.  1.  0.957034732
  0.500000007  0.924923069  0.924923069  1.  1.  1.  1.  1.  0.935407859
  0.550000008  0.906526265  0.906526265  1.  1.  1.  1.  1.  0.914566958
  0.600000009  0.891471734  0.891471734  1.  1.  1.  1.  1.  0.896750389
  0.65000001  0.880041617  0.880041617  1.  1.  1.  1.  1.  0.88195499
  0.70000001  0.873744171  0.873744171  1.  1.  1.  1.  1.  0.871460409
  0.750000011  0.875579403  0.875579403  1.  1.  1.  1.  1.  0.862575353
  0.800000012  0.922616196  0.922616196  1.  1.  1.  1.  1.  0.899613659
  0.850000013  1.02716587  1.02716587  1.  1.  1.  1.  1.  1.00331811
  0.900000013  1.18992806  1.18992806  1.  1.  1.  1.  1.  1.17281085
  0.950000014  1.41749888  1.41749888  1.  1.  1.  1.  1.  1.41234891
  16.
  9.99999975E-06  0.924974438  0.924974438  0.77148571  0.771441206
  0.768276276  0.775278863  0.750704947  0.781377246
  1.49999996E-05  0.925463966  0.925463966  0.782373318  0.782323504
  0.778853693  0.784427998  0.760529544  0.791443294
  1.99999995E-05  0.925871163  0.925871163  0.788595965  0.788546526
  0.784828928  0.791070843  0.767430605  0.797940327
  2.49999994E-05  0.926224615  0.926224615  0.79238813  0.792337519
  0.788431385  0.796129395  0.772582802  0.802180305
  2.99999992E-05  0.926537556  0.926537556  0.795599659  0.795538291
  0.791479486  0.800155998  0.776705231  0.805390829
  3.49999991E-05  0.926821704  0.926821704  0.799217507  0.799136495
  0.79495454  0.803618202  0.780381506  0.808768
  3.9999999E-05  0.92708311  0.92708311  0.802773265  0.802676385  0.798366108
  0.806601025  0.783497627  0.812120577
  4.49999989E-05  0.9273262  0.9273262  0.805793351  0.805690811  0.801248317
  0.809246177  0.786174053  0.81508447
  4.99999987E-05  0.927553803  0.927553803  0.808281709  0.808178688
  0.803609051  0.811691827  0.788569323  0.817646507
  5.49999986E-05  0.927768396  0.927768396  0.810283091  0.810179334
  0.805491493  0.813984713  0.790727267  0.819819029
  5.99999985E-05  0.927974119  0.927974119  0.811885731  0.811779  0.806988217
  0.815970512  0.792574173  0.821553139
  6.49999984E-05  0.928167081  0.928167081  0.813444802  0.813335015
  0.808447544  0.817889654  0.794385805  0.823232171
  6.99999982E-05  0.928355013  0.928355013  0.814924986  0.814813364
  0.809842935  0.819511402  0.796045779  0.82478495
  7.49999981E-05  0.92853273  0.92853273  0.816367958  0.816251994  0.811202168
  0.821100328  0.797647841  0.82629568
  7.9999998E-05  0.928705902  0.928705902  0.817631528  0.817504764
  0.812382167  0.822492192  0.798988496  0.827599406
  8.49999979E-05  0.928869199  0.928869199  0.818914836  0.818777157
  0.813582833  0.823913518  0.800360786  0.828922975
  8.99999977E-05  0.929032203  0.929032203  0.82001949  0.81987313  0.814605897
  0.825119449  0.801589697  0.829998305
  9.49999976E-05  0.929186443  0.929186443  0.821150526  0.820995278
  0.815655913  0.826361703  0.80285452  0.831102112
  9.99999975E-05  0.929338016  0.929338016  0.822267681  0.822109404
  0.816697129  0.827520341  0.804138382  0.832207074
  0.000149999996  0.930659722  0.930659722  0.830609652  0.830435732
  0.82443795  0.836965225  0.814011005  0.841264245
  0.000199999995  0.931752269  0.931752269  0.835320243  0.835085521
  0.828755842  0.844029824  0.819893703  0.846980687
  0.000249999994  0.932705223  0.932705223  0.839494117  0.839219517
  0.832571879  0.849587494  0.825260339  0.851636477
  0.000299999992  0.933550779  0.933550779  0.843126813  0.842833403
  0.835854387  0.854197573  0.829994186  0.85569662
  0.000349999991  0.934330108  0.934330108  0.845882315  0.84558014
  0.838327086  0.858137613  0.83375507  0.858976875
  0.00039999999  0.93504778  0.93504778  0.848270391  0.847952222  0.840471249
  0.861680082  0.836854625  0.861876385
  0.000449999989  0.935716334  0.935716334  0.850534781  0.850186117
  0.842512061  0.864830146  0.839537885  0.864673562
  0.000499999987  0.936353852  0.936353852  0.8520915  0.851719301  0.843872688
  0.867630318  0.842117721  0.866769792
  0.000549999986  0.936953269  0.936953269  0.853288348  0.852899255
  0.844884452  0.8702391  0.844633154  0.86833295
  0.000599999985  0.937515902  0.937515902  0.854232056  0.853831365
  0.845648359  0.872723712  0.847116827  0.869483206
  0.000649999984  0.938067973  0.938067973  0.855995272  0.855564403
  0.847256908  0.874855137  0.8492074  0.871375015
  0.000699999982  0.938585452  0.938585452  0.857783625  0.857321447
  0.848897936  0.877014378  0.851304568  0.873294059
  0.000749999981  0.939096361  0.939096361  0.85926596  0.8587748  0.850239747
  0.878925595  0.8530853  0.874873732
  0.00079999998  0.939576201  0.939576201  0.860796276  0.860276478  0.85163487
  0.88089541  0.854918888  0.876520604
  0.000849999979  0.940053055  0.940053055  0.862380488  0.861847568
  0.853104402  0.882559369  0.856528648  0.878331535
  0.000899999977  0.940502342  0.940502342  0.864005654  0.863459274
  0.854620393  0.884288579  0.858196646  0.880196338
  0.000949999976  0.940947562  0.940947562  0.86506259  0.864490499
  0.855551702  0.885854345  0.859637147  0.881484202
  0.00100000005  0.941379618  0.941379618  0.865850866  0.865246738
  0.856204801  0.887363683  0.860985525  0.882501962
  0.00150000007  0.945170288  0.945170288  0.873311348  0.872528791
  0.862718623  0.900051433  0.872413536  0.891484068
  0.00200000009  0.948336778  0.948336778  0.879562215  0.878736995
  0.868408315  0.909459736  0.881258986  0.898965448
  0.00250000012  0.951102144  0.951102144  0.883327888  0.882428164
  0.871590365  0.917081362  0.888436089  0.903879418
  0.00300000014  0.953606871  0.953606871  0.886426327  0.885429192
  0.874193487  0.923363664  0.89442527  0.907521397
  0.00350000017  0.955895863  0.955895863  0.890211272  0.889128316
  0.877642953  0.928794958  0.899725085  0.911610849
  0.00400000019  0.958025065  0.958025065  0.89383029  0.892670107  0.880992826
  0.93357576  0.904449167  0.915683635
  0.00450000021  0.960019973  0.960019973  0.896595056  0.895360596
  0.883456427  0.93790926  0.908641505  0.918954594
  0.00500000024  0.961895447  0.961895447  0.898708598  0.897405654
  0.885251315  0.941977741  0.912442142  0.921535846
  0.00550000026  0.963698131  0.963698131  0.9006892  0.899338405  0.886993817
  0.945715293  0.915787103  0.923999068
  0.00600000028  0.965423879  0.965423879  0.902551725  0.901171104
  0.888631374  0.949219604  0.918840672  0.926365937
  0.00650000031  0.967045337  0.967045337  0.904390357  0.90298844  0.890257333
  0.952724475  0.921834224  0.928730504
  0.00700000033  0.968661416  0.968661416  0.905846786  0.904416426
  0.891493024  0.955724339  0.92435006  0.930651701
  0.00750000036  0.970164961  0.970164961  0.907339801  0.905879653
  0.892773927  0.958895901  0.926981631  0.932626011
  0.00800000038  0.971682349  0.971682349  0.90872546  0.907223493  0.893988171
  0.961621679  0.929093284  0.934708554
  0.0085000004  0.973103284  0.973103284  0.910155419  0.908610296  0.895255571
  0.964514035  0.931313593  0.936855174
  0.00900000043  0.974527523  0.974527523  0.910696801  0.909114408
  0.895563775  0.967132367  0.933381343  0.938027643
  0.00950000045  0.975898265  0.975898265  0.910962728  0.909344257
  0.895566556  0.969751949  0.935460069  0.938908301
  0.00999999978  0.977212502  0.977212502  0.911213254  0.909559843
  0.895554005  0.972435945  0.937580669  0.939727227
  0.0149999997  0.989191765  0.989191765  0.920673221  0.918911013  0.904097778
  0.996924121  0.955596731  0.950043836
  0.0199999996  0.999478303  0.999478303  0.938233265  0.936573466  0.92269821
  1.01927334  0.969340674  0.967645509
  0.0249999994  1.00863342  1.00863342  0.948452938  0.946903106  0.933738379
  1.03883097  0.981380882  0.979157766
  0.0299999993  1.01638159  1.01638159  0.955246398  0.953858073  0.941385056
  1.0563293  0.994401995  0.986337239
  0.0349999992  1.02308816  1.02308816  0.962380291  0.961249408  0.949792122
  1.0701313  1.01089511  0.992748646
  0.0399999991  1.02881073  1.02881073  0.969573716  0.968712309  0.958539501
  1.07983187  1.02584227  0.998958222
  0.044999999  1.0336019  1.0336019  0.975611611  0.974954656  0.966164001
  1.08596955  1.03895176  1.00399245
  0.0499999989  1.03755096  1.03755096  0.980933849  0.980464994  0.973165531
  1.08940798  1.05064852  1.00826405
  0.0549999988  1.0407945  1.0407945  0.985878029  0.985590258  0.979897199
  1.09083425  1.06142445  1.01206355
  0.0599999987  1.04335859  1.04335859  0.990397289  0.990280534  0.986255516
  1.0899318  1.07087205  1.01539847
  0.0649999985  1.04522887  1.04522887  0.994215704  0.994209571  0.991795106
  1.08686202  1.07861372  1.01814952
  0.0699999984  1.04681535  1.04681535  0.998002518  0.998090577  0.99740814
  1.08259136  1.08623353  1.02074446
  0.0749999983  1.0476335  1.0476335  1.00066671  1.00078002  1.00158384
  1.0765074  1.09134586  1.02243977
  0.0799999982  1.04834227  1.04834227  1.00342531  1.00355786  1.0059895
  1.06942214  1.09664016  1.02407665
  0.0849999981  1.04899075  1.04899075  1.00508763  1.00519485  1.00872809
  1.06226382  1.09973503  1.0255342
  0.089999998  1.0496061  1.0496061  1.00652009  1.00658652  1.01114071
  1.05443063  1.10235423  1.02696506
  0.0949999979  1.04990304  1.04990304  1.00744536  1.00747895  1.01273205
  1.04701529  1.10416591  1.02803314
  0.100000001  1.04964978  1.04964978  1.00720264  1.00722344  1.01237888
  1.04162823  1.10406065  1.0283808
  0.150000002  1.04078651  1.04078651  1.0020743  1.0020743  1.00366391
  1.01080078  1.069854  1.02865736
  0.200000003  1.02953791  1.02953791  0.999817058  0.999817058  0.999671753
  0.998989862  1.00922557  1.02599859
  0.250000004  1.01587706  1.01587706  0.999662638  0.999662638  0.999398979
  0.998121691  0.996431732  1.01848425
  0.300000004  0.99863865  0.99863865  0.999622281  0.999622281  0.99933575
  0.997937932  0.994832023  1.00553317
  0.350000005  0.979323632  0.979323632  0.99958977  0.99958977  0.999292758
  0.997855966  0.993392739  0.988556963
  0.400000006  0.959118301  0.959118301  0.999562772  0.999562772  0.999266028
  0.997856285  0.992125869  0.969091186
  0.450000007  0.939153129  0.939153129  0.999542644  0.999542644  0.999257441
  0.997937822  0.991103543  0.94871391
  0.500000007  0.920130182  0.920130182  0.999535051  0.999535051  0.999274037
  0.998109712  0.99040206  0.928450494
  0.550000008  0.903031412  0.903031412  0.99954775  0.99954775  0.999322852
  0.998380007  0.990113918  0.909414762
  0.600000009  0.88941489  0.88941489  0.999587092  0.999587092  0.999403611
  0.99872984  0.990327714  0.893495446
  0.65000001  0.879736366  0.879736366  0.999671229  0.999671229  0.999536624
  0.999195841  0.991126264  0.880971033
  0.70000001  0.875861817  0.875861817  0.999930887  0.999930887  0.999906409
  0.999890215  0.992757044  0.873234191
  0.750000011  0.883378168  0.883378168  1.00067658  1.00067658  1.00067661
  1.00067661  0.995762152  0.872187931
  0.800000012  0.935440417  0.935440417  1.00111835  1.00111835  1.00111836
  1.00111836  1.00037914  0.916936603
  0.850000013  1.04053565  1.04053565  1.00069202  1.00069202  1.00069202
  1.00069202  1.00571936  1.02151145
  0.900000013  1.19994084  1.19994084  0.996485748  0.996485748  0.996485756
  0.996485756  1.01090543  1.18609304
  0.950000014  1.42086525  1.42086525  0.973811636  0.973811636  0.973811709
  0.973811709  1.01448862  1.41645226
  64.
  9.99999975E-06  0.926931218  0.926931218  0.799168028  0.799141332
  0.797773851  0.803377044  0.804545383  0.808063595
  1.49999996E-05  0.927634701  0.927634701  0.807772998  0.807742445
  0.806201324  0.811363252  0.812325576  0.816267358
  1.99999995E-05  0.928205905  0.928205905  0.81312241  0.813090435
  0.811420392  0.817119302  0.81782679  0.821755668
  2.49999994E-05  0.928693637  0.928693637  0.81684032  0.816805412
  0.815043448  0.821559079  0.822047066  0.825688471
  2.99999992E-05  0.929120872  0.929120872  0.820000312  0.819957649
  0.818117774  0.82514363  0.82548542  0.828861654
  3.49999991E-05  0.929505363  0.929505363  0.823124959  0.823071198
  0.821158514  0.828225133  0.828465616  0.831881434
  3.9999999E-05  0.929855953  0.929855953  0.825985714  0.825923488
  0.823932273  0.83088383  0.831012286  0.83464408
  4.49999989E-05  0.930180036  0.930180036  0.828433375  0.828367495
  0.826299035  0.833245948  0.83324113  0.837065544
  4.99999987E-05  0.93048173  0.93048173  0.830530506  0.83046321  0.828323848
  0.835417094  0.835258818  0.839202428
  5.49999986E-05  0.930764402  0.930764402  0.832314943  0.832245967
  0.830043372  0.837424191  0.837092407  0.841074806
  5.99999985E-05  0.93103343  0.93103343  0.833811296  0.833739634  0.83148273
  0.839164621  0.838687061  0.842643011
  6.49999984E-05  0.931285238  0.931285238  0.835274434  0.835199905
  0.832891968  0.840861595  0.840253684  0.844173919
  6.99999982E-05  0.931529053  0.931529053  0.836612715  0.836535543
  0.834182395  0.842328003  0.841646378  0.845552569
  7.49999981E-05  0.931759182  0.931759182  0.837925073  0.837844176
  0.835447612  0.843772042  0.843014964  0.846904524
  7.9999998E-05  0.931982292  0.931982292  0.839079053  0.838991752
  0.836554674  0.845044273  0.844210042  0.848084989
  8.49999979E-05  0.932192621  0.932192621  0.840257637  0.840163863
  0.837686975  0.846348839  0.845438771  0.849292639
  8.99999977E-05  0.932400955  0.932400955  0.841265178  0.841166718
  0.838649206  0.847452917  0.846507561  0.85030742
  9.49999976E-05  0.932598153  0.932598153  0.842302671  0.842199385
  0.839641786  0.848594839  0.847614001  0.851354935
  9.99999975E-05  0.932790849  0.932790849  0.843289696  0.843184156
  0.840586102  0.849656281  0.848663137  0.852357877
  0.000149999996  0.934450206  0.934450206  0.85072886  0.850603585
  0.847695714  0.858239307  0.856768503  0.860307323
  0.000199999995  0.935795629  0.935795629  0.855456126  0.855290379
  0.852216737  0.864605867  0.862290808  0.865638567
  0.000249999994  0.936951834  0.936951834  0.859433885  0.859241184
  0.855997978  0.869646943  0.866948123  0.869977657
  0.000299999992  0.937966884  0.937966884  0.862793769  0.862585351
  0.859166768  0.873875809  0.870918222  0.873663786
  0.000349999991  0.938892384  0.938892384  0.865453036  0.865233268
  0.861677116  0.877470895  0.874158172  0.876681977
  0.00039999999  0.939737901  0.939737901  0.867776198  0.867540673
  0.863872145  0.880693496  0.876967387  0.879348234
  0.000449999989  0.940520805  0.940520805  0.869873451  0.869615565
  0.865850878  0.883568956  0.879472558  0.881778294
  0.000499999987  0.941260816  0.941260816  0.871502888  0.871226811
  0.867384659  0.886128013  0.881773195  0.883748064
  0.000549999986  0.941953427  0.941953427  0.872926496  0.872634915
  0.868721064  0.888516633  0.883954244  0.885445106
  0.000599999985  0.942601712  0.942601712  0.874215901  0.873910786
  0.869928442  0.890797681  0.88606265  0.886946517
  0.000649999984  0.943232353  0.943232353  0.875800278  0.875472868
  0.87142321  0.892751299  0.887845184  0.888639944
  0.000699999982  0.943822876  0.943822876  0.877408683  0.877058287
  0.872946524  0.894737181  0.889650947  0.890362747
  0.000749999981  0.94440142  0.94440142  0.878774999  0.878404062  0.874233425
  0.896478517  0.891203752  0.891835728
  0.00079999998  0.944944733  0.944944733  0.880182035  0.879790381
  0.875564593  0.898280721  0.892810898  0.893361543
  0.000849999979  0.945480599  0.945480599  0.881467784  0.88106289
  0.876777205  0.899799673  0.894173743  0.894787032
  0.000899999977  0.945985888  0.945985888  0.882796501  0.882377924
  0.878036138  0.90138577  0.89559666  0.896265763
  0.000949999976  0.946483543  0.946483543  0.883782088  0.883344349
  0.87895396  0.902819497  0.89685837  0.897412795
  0.00100000005  0.946965293  0.946965293  0.884610245  0.884150353
  0.879715124  0.90420209  0.898061092  0.898411138
  0.00150000007  0.951139182  0.951139182  0.892007564  0.891417579
  0.886635212  0.915769704  0.90814202  0.907020895
  0.00200000009  0.954560109  0.954560109  0.897741505  0.897100528
  0.892069369  0.924392757  0.915783978  0.913715346
  0.00250000012  0.957508323  0.957508323  0.901584343  0.900872447
  0.895629058  0.931400334  0.921989843  0.918463576
  0.00300000014  0.960147081  0.960147081  0.904841858  0.90404913  0.898646096
  0.937186631  0.927136068  0.922270675
  0.00350000017  0.962538623  0.962538623  0.908296583  0.907431996  0.90191172
  0.942230644  0.931659869  0.926089344
  0.00400000019  0.964746369  0.964746369  0.911436331  0.910506963
  0.904887652  0.946698399  0.935657639  0.929639608
  0.00450000021  0.966801118  0.966801118  0.913934332  0.912944377
  0.907217582  0.95075617  0.939220994  0.93259031
  0.00500000024  0.968722593  0.968722593  0.915977999  0.914933148
  0.909097564  0.954562273  0.94248481  0.935085495
  0.00550000026  0.970557888  0.970557888  0.917856096  0.916771436
  0.910852114  0.958025363  0.945368589  0.937402044
  0.00600000028  0.972305738  0.972305738  0.919595195  0.918481324
  0.912471904  0.961267865  0.948017922  0.939578001
  0.00650000031  0.973946193  0.973946193  0.921305458  0.92016711  0.914070932
  0.964517819  0.950638197  0.941736047
  0.00700000033  0.975564591  0.975564591  0.922677674  0.92151105  0.915325718
  0.967299196  0.952837167  0.943518544
  0.00750000036  0.977073482  0.977073482  0.924097206  0.922900891
  0.916637677  0.970259132  0.955164235  0.945367127
  0.00800000038  0.978581621  0.978581621  0.925305708  0.924075167
  0.917753224  0.972794961  0.957098492  0.947068496
  0.0085000004  0.979997249  0.979997249  0.926563709  0.925297541  0.918926954
  0.975500616  0.959152274  0.948838814
  0.00900000043  0.981403229  0.981403229  0.927260482  0.925964487
  0.919523303  0.977939228  0.96101824  0.950016155
  0.00950000045  0.982754863  0.982754863  0.927791153  0.92646651  0.919946872
  0.980381942  0.962887338  0.951027581
  0.00999999978  0.984050258  0.984050258  0.928331381  0.92697898  0.920383324
  0.982885569  0.964793078  0.952025278
  0.0149999997  0.995648199  0.995648199  0.93889162  0.937456765  0.930675599
  1.004841  0.980425997  0.963713098
  0.0199999996  1.00533035  1.00533035  0.953789697  0.952433574  0.946173066
  1.02407116  0.992720362  0.978619717
  0.0249999994  1.01367279  1.01367279  0.96288366  0.961627159  0.956002699
  1.04050035  1.00376056  0.988635644
  0.0299999993  1.02062276  1.02062276  0.969551741  0.968444052  0.963575729
  1.05493907  1.0153585  0.995797558
  0.0349999992  1.0265134  1.0265134  0.976192273  0.97530103  0.971331338
  1.0661221  1.02780337  1.00219157
  0.0399999991  1.03143144  1.03143144  0.982481472  0.98180785  0.978840186
  1.07385206  1.03864439  1.00793828
  0.044999999  1.0354543  1.0354543  0.98767358  0.98716971  0.98525138
  1.07863863  1.04786029  1.01253575
  0.0499999989  1.03869308  1.03869308  0.992167047  0.991818177  0.990999421
  1.08122457  1.055845  1.01636227
  0.0549999988  1.04130349  1.04130349  0.996257686  0.996054898  0.996394171
  1.08217246  1.06301052  1.01968464
  0.0599999987  1.04330874  1.04330874  0.999863436  0.999792359  1.00128961
  1.08122687  1.0690093  1.02247332
  0.0649999985  1.04469939  1.04469939  1.00276363  1.00277475  1.00534222
  1.07860943  1.0735907  1.02463269
  0.0699999984  1.04585479  1.04585479  1.0055916  1.0056712  1.00938166
  1.07500939  1.07797747  1.0266232
  0.0749999983  1.04638438  1.04638438  1.00736301  1.00745682  1.01205439
  1.07017106  1.08039811  1.02780267
  0.0799999982  1.04683412  1.04683412  1.00917775  1.00928058  1.01484943
  1.06450989  1.08284469  1.02893258
  0.0849999981  1.04712316  1.04712316  1.01003455  1.01011668  1.01622804
  1.05891022  1.08368818  1.02973523
  0.089999998  1.0473648  1.0473648  1.01065274  1.01070331  1.01726412
  1.05278345  1.08408504  1.03046374
  0.0949999979  1.04734687  1.04734687  1.0108824  1.01090753  1.01769334
  1.04684796  1.08389635  1.03091563
  0.100000001  1.04686511  1.04686511  1.01024773  1.01026335  1.01673924
  1.04230687  1.08245036  1.03081303
  0.150000002  1.03712442  1.03712442  1.00249166  1.00249166  1.00419148
  1.01019812  1.04592038  1.02722075
  0.200000003  1.02524527  1.02524527  0.999450958  0.999450958  0.999062724
  0.997616577  1.00248893  1.02207449
  0.250000004  1.01093147  1.01093147  0.999160275  0.999160275  0.998570904
  0.996295251  0.993084679  1.01320731
  0.300000004  0.993398737  0.993398737  0.999033891  0.999033891  0.998374523
  0.995790516  0.990255084  0.999410219
  0.350000005  0.974222843  0.974222843  0.998930006  0.998930006  0.998232961
  0.995499875  0.987690207  0.98220842
  0.400000006  0.954452354  0.954452354  0.998841416  0.998841416  0.998134573
  0.995385201  0.985393328  0.963029748
  0.450000007  0.935105608  0.935105608  0.998772511  0.998772511  0.998085549
  0.995455182  0.98349511  0.943287249
  0.500000007  0.916858541  0.916858541  0.998736985  0.998736985  0.998101975
  0.995733922  0.982143011  0.923934312
  0.550000008  0.900720422  0.900720422  0.998752468  0.998752468  0.998197929
  0.9962402  0.981535757  0.906107014
  0.600000009  0.888194105  0.888194105  0.998837283  0.998837283  0.998377313
  0.996953746  0.981865858  0.891538816
  0.65000001  0.879858341  0.879858341  0.999033221  0.999033221  0.998688193
  0.997955432  0.983353442  0.880662175
  0.70000001  0.877925147  0.877925147  0.999604548  0.999604548  0.999494746
  0.999431175  0.98657666  0.875171226
  0.750000011  0.889534215  0.889534215  1.00123399  1.00123399  1.00123404
  1.00123404  0.992710443  0.879602217
  0.800000012  0.944884336  0.944884336  1.00255507  1.00255507  1.00255508
  1.00255508  1.00214607  0.929184695
  0.850000013  1.05015645  1.05015645  1.00244567  1.00244567  1.00244567
  1.00244567  1.01337737  1.03413574
  0.900000013  1.20709795  1.20709795  0.996663069  0.996663069  0.996663074
  0.996663074  1.02501671  1.19534735
  0.950000014  1.42330787  1.42330787  0.948010007  0.948010007  0.948010171
  0.948010171  1.03409731  1.41943791
  256.
  9.99999975E-06  0.928580233  0.928580233  0.820319034  0.820300498
  0.81961535  0.8241325  0.835713979  0.827480021
  1.49999996E-05  0.929451214  0.929451214  0.827682031  0.827660391
  0.826874516  0.831300407  0.842515988  0.834646557
  1.99999995E-05  0.930149187  0.930149187  0.832469826  0.832446283
  0.831588784  0.836462892  0.847355439  0.839540844
  2.49999994E-05  0.930739847  0.930739847  0.835976382  0.835949724
  0.835042314  0.840470302  0.851108687  0.843185632
  2.99999992E-05  0.931254639  0.931254639  0.838945068  0.838912519
  0.837961093  0.843728482  0.854181521  0.846177337
  3.49999991E-05  0.931715392  0.931715392  0.841724161  0.841684276
  0.840688565  0.846529545  0.856823482  0.848909245
  3.9999999E-05  0.932133792  0.932133792  0.844198235  0.844152869
  0.843109194  0.848952344  0.859096331  0.851338811
  4.49999989E-05  0.932519135  0.932519135  0.846330033  0.846281884
  0.84519208  0.851106765  0.861099787  0.853468197
  4.99999987E-05  0.932876563  0.932876563  0.848193862  0.848144091
  0.84701285  0.853082746  0.862921245  0.855367814
  5.49999986E-05  0.933210367  0.933210367  0.849822009  0.849770408  0.848603
  0.854901396  0.864583398  0.857058899
  5.99999985E-05  0.93352705  0.93352705  0.851211381  0.851157393  0.849959113
  0.85648109  0.866032933  0.858501714
  6.49999984E-05  0.933823086  0.933823086  0.85257397  0.852517431
  0.851290274  0.858028568  0.867460409  0.859916161
  6.99999982E-05  0.934108558  0.934108558  0.853799046  0.853739958
  0.852486679  0.859374898  0.86871708  0.861175137
  7.49999981E-05  0.934377741  0.934377741  0.855004773  0.854942578
  0.853664284  0.860704814  0.869960035  0.862415406
  7.9999998E-05  0.934638003  0.934638003  0.856065663  0.855999068
  0.854697115  0.861878067  0.871054502  0.863503436
  8.49999979E-05  0.934883349  0.934883349  0.857153388  0.857082327
  0.855757324  0.863084961  0.872183681  0.864621152
  8.99999977E-05  0.93512528  0.93512528  0.858076321  0.858002121  0.856653245
  0.864103097  0.873145855  0.865563551
  9.49999976E-05  0.935354334  0.935354334  0.859030526  0.85895308
  0.857580809  0.865159414  0.874146249  0.866539978
  9.99999975E-05  0.935577407  0.935577407  0.859925167  0.859845819
  0.85845006  0.866140153  0.875078199  0.867459
  0.000149999996  0.937484723  0.937484723  0.866749626  0.866650981
  0.865085535  0.874071523  0.88238293  0.874704364
  0.000199999995  0.939013694  0.939013694  0.87130838  0.871179523
  0.869529658  0.879936957  0.887568743  0.879714679
  0.000249999994  0.940315771  0.940315771  0.875051742  0.874902195
  0.873159403  0.884589972  0.891800662  0.883763609
  0.000299999992  0.941452161  0.941452161  0.878189991  0.878026632
  0.87618902  0.888520206  0.895388304  0.887181006
  0.000349999991  0.94248106  0.94248106  0.880720164  0.880545208  0.878637112
  0.891854158  0.898351924  0.889998632
  0.00039999999  0.943416666  0.943416666  0.882938514  0.882749047
  0.880785905  0.894840889  0.900965629  0.892490677
  0.000449999989  0.944279867  0.944279867  0.884910748  0.884703274
  0.882694628  0.897508825  0.903305078  0.894723626
  0.000499999987  0.945091084  0.945091084  0.886523254  0.886300515
  0.884258444  0.899880584  0.905410472  0.896598193
  0.000549999986  0.945848281  0.945848281  0.887987552  0.887750822
  0.885678895  0.902098261  0.90739121  0.898288106
  0.000599999985  0.946555888  0.946555888  0.889361181  0.88911127
  0.887011843  0.904221182  0.909296892  0.89985494
  0.000649999984  0.947240457  0.947240457  0.890815112  0.890547346
  0.888413481  0.906036277  0.910907804  0.901415444
  0.000699999982  0.947881107  0.947881107  0.892292861  0.892006714
  0.889842388  0.907886706  0.912548944  0.903005499
  0.000749999981  0.948505387  0.948505387  0.893554041  0.89325165
  0.891057608  0.909500396  0.9139593  0.904373437
  0.00079999998  0.949091766  0.949091766  0.89485499  0.894536011  0.892315724
  0.91117648  0.915426569  0.905791045
  0.000849999979  0.949667532  0.949667532  0.895983542  0.895652397
  0.893401079  0.912587329  0.916658534  0.907036257
  0.000899999977  0.95021082  0.95021082  0.897155942  0.896812158  0.894533088
  0.914065962  0.917951996  0.908334337
  0.000949999976  0.950743662  0.950743662  0.898083952  0.897724815
  0.895424627  0.91539978  0.91910506  0.909398543
  0.00100000005  0.95125864  0.95125864  0.898903892  0.898527801  0.896210327
  0.9166859  0.920209621  0.910362974
  0.00150000007  0.955684308  0.955684308  0.906026905  0.905546215
  0.903095442  0.927429785  0.929417763  0.918571508
  0.00200000009  0.959266768  0.959266768  0.91136454  0.91083128  0.90828833
  0.935460555  0.936326053  0.924776166
  0.00250000012  0.96232727  0.96232727  0.915140691  0.914541487  0.911935745
  0.942000674  0.941929498  0.929364279
  0.00300000014  0.965044684  0.965044684  0.918354603  0.917685365
  0.915036622  0.94740699  0.946553649  0.933130968
  0.00350000017  0.96749381  0.96749381  0.92154331  0.920811511  0.918128842
  0.952141046  0.950604807  0.936722566
  0.00400000019  0.969742531  0.969742531  0.924373037  0.923584861
  0.920872952  0.956347131  0.954174052  0.939965906
  0.00450000021  0.971826073  0.971826073  0.926682536  0.925842447  0.92309898
  0.960173468  0.957366476  0.942718626
  0.00500000024  0.973767704  0.973767704  0.928640065  0.92775327  0.924980845
  0.963764141  0.960306604  0.945123989
  0.00550000026  0.975613302  0.975613302  0.930417691  0.929495915
  0.926703213  0.967016197  0.962904442  0.947323945
  0.00600000028  0.977364285  0.977364285  0.932053402  0.93110376  0.928284477
  0.970060488  0.965299187  0.949372167
  0.00650000031  0.979006724  0.979006724  0.933661835  0.932687237
  0.929845267  0.973118598  0.967681519  0.951400619
  0.00700000033  0.980615245  0.980615245  0.934960849  0.933959564
  0.931089229  0.975730916  0.969678762  0.953086089
  0.00750000036  0.982117661  0.982117661  0.936314303  0.935284895
  0.932398645  0.978524704  0.97180985  0.954846188
  0.00800000038  0.983607609  0.983607609  0.937429755  0.93637124  0.93347375
  0.980904857  0.973585854  0.956379147
  0.0085000004  0.985008987  0.985008987  0.938598518  0.937509505  0.934611675
  0.983455731  0.975485653  0.957984931
  0.00900000043  0.986391256  0.986391256  0.93937173  0.938257749  0.935349597
  0.985743511  0.977184931  0.959174776
  0.00950000045  0.98771911  0.98771911  0.940036264  0.938898448  0.935979012
  0.988036226  0.978883882  0.960259765
  0.00999999978  0.988991516  0.988991516  0.940721876  0.939560947
  0.936633737  0.990388858  0.980619452  0.961351526
  0.0149999997  1.00022487  1.00022487  0.951483762  0.950257344  0.947416783
  1.0105798  0.994610918  0.97337052
  0.0199999996  1.00939597  1.00939597  0.964574036  0.963414252  0.960979928
  1.02781494  1.00571291  0.986612358
  0.0249999994  1.01710267  1.01710267  0.972796913  0.971730532  0.969896249
  1.04219665  1.01558497  0.995726779
  0.0299999993  1.02343845  1.02343845  0.979113009  0.978185212  0.977077595
  1.05457914  1.02554679  1.0026687
  0.0349999992  1.02871382  1.02871382  0.985185678  0.984446995  0.984120351
  1.06395313  1.03530533  1.00876267
  0.0399999991  1.03303501  1.03303501  0.990709762  0.990156045  0.990642912
  1.07025437  1.04351123  1.01399759
  0.044999999  1.03649605  1.03649605  0.995197913  0.994790812  0.996109053
  1.07397663  1.05025517  1.01811382
  0.0499999989  1.03922256  1.03922256  0.999014862  0.998740331  1.00090882
  1.07579095  1.05590251  1.02146635
  0.0549999988  1.04137807  1.04137807  1.00242588  1.00227417  1.00532103
  1.07618204  1.06080408  1.02430775
  0.0599999987  1.04298288  1.04298288  1.00533461  1.00528962  1.00918658
  1.07494529  1.06466998  1.02659181
  0.0649999985  1.04403303  1.04403303  1.00756463  1.00758419  1.01223505
  1.07234513  1.06734953  1.02825044
  0.0699999984  1.04488088  1.04488088  1.00969583  1.00976805  1.01521524
  1.06887219  1.06978291  1.02973605
  0.0749999983  1.04518599  1.04518599  1.01085998  1.01094039  1.01694293
  1.06452141  1.07067466  1.03048488
  0.0799999982  1.04542891  1.04542891  1.01202833  1.01211237  1.01871816
  1.05942424  1.0714822  1.03118333
  0.0849999981  1.04546568  1.04546568  1.01237112  1.01243758  1.01929384
  1.05450279  1.07111701  1.03152365
  0.089999998  1.04544864  1.04544864  1.01247797  1.0125187  1.01953016
  1.0491331  1.07033669  1.03177088
  0.0949999979  1.04521249  1.04521249  1.01227369  1.01229363  1.01928898
  1.04386704  1.0691048  1.03179841
  0.100000001  1.04457514  1.04457514  1.01141398  1.01142642  1.01802121
  1.03975145  1.06704385  1.03139077
  0.150000002  1.03417246  1.03417246  1.00236638  1.00236638  1.00385294
  1.00843384  1.03149121  1.02544238
  0.200000003  1.02178875  1.02178875  0.999029005  0.999029005  0.998394694
  0.996326588  0.998040589  1.01887933
  0.250000004  1.00699574  1.00699574  0.998624084  0.998624084  0.997728159
  0.994689906  0.989931274  1.00909271
  0.300000004  0.98927042  0.98927042  0.998405691  0.998405691  0.997394804
  0.993898029  0.986054767  0.994732019
  0.350000005  0.970237541  0.970237541  0.998226087  0.998226087  0.99715219
  0.993414844  0.982525042  0.977425865
  0.400000006  0.95083243  0.95083243  0.998072476  0.998072476  0.996980025
  0.993185348  0.97932461  0.958505009
  0.450000007  0.93199242  0.93199242  0.99795269  0.99795269  0.996889008
  0.99322923  0.976633736  0.939268989
  0.500000007  0.914378057  0.914378057  0.9978881  0.9978881  0.996903213
  0.993585541  0.974667141  0.920629048
  0.550000008  0.899019945  0.899019945  0.997906207  0.997906207  0.997043535
  0.994285683  0.973732163  0.903739781
  0.600000009  0.887392382  0.887392382  0.998036955  0.998036955  0.997318995
  0.995312574  0.974137366  0.890252168
  0.65000001  0.880176112  0.880176112  0.998349443  0.998349443  0.99781334
  0.99679209  0.976268579  0.88071415
  0.70000001  0.879894847  0.879894847  0.999245679  0.999245679  0.99906833
  0.998973848  0.981086855  0.87714707
  0.750000011  0.894735661  0.894735661  1.00172539  1.00172539  1.00172544
  1.00172544  0.990465416  0.885817327
  0.800000012  0.952506918  0.952506918  1.00396695  1.00396695  1.00396696
  1.00396696  1.00495128  0.938857745
  0.850000013  1.05780063  1.05780063  1.00452567  1.00452567  1.00452567
  1.00452567  1.02265674  1.0439534
  0.900000013  1.21276161  1.21276161  0.998712819  0.998712819  0.99871282
  0.99871282  1.04203576  1.20254854
  0.950000014  1.42526327  1.42526327  0.938011238  0.938011238  0.938011438
  0.938011438  1.05873028  1.42181595
  1024.
  9.99999975E-06  0.930005445  0.930005445  0.836711897  0.836697891
  0.836328079  0.840054153  0.856655257  0.842492408
  1.49999996E-05  0.931012785  0.931012785  0.84329271  0.843276062
  0.842846181  0.846629526  0.862865842  0.848983587
  1.99999995E-05  0.931813111  0.931813111  0.847690505  0.84767186
  0.847200962  0.851368699  0.867305382  0.853477249
  2.49999994E-05  0.93248643  0.93248643  0.850996382  0.850974786  0.850475961
  0.855061907  0.870766425  0.856889745
  2.99999992E-05  0.933071369  0.933071369  0.853782538  0.853756254
  0.853231767  0.858076887  0.873604451  0.859706423
  3.49999991E-05  0.933592937  0.933592937  0.856316782  0.856285155
  0.855733361  0.860669593  0.876039559  0.862224787
  3.9999999E-05  0.934065344  0.934065344  0.858543746  0.858508133
  0.857926613  0.862916492  0.878142491  0.864437803
  4.49999989E-05  0.934499261  0.934499261  0.860473271  0.860435362
  0.859825707  0.864915439  0.880002122  0.866380559
  4.99999987E-05  0.934900773  0.934900773  0.862180419  0.86214088
  0.861506427  0.866747187  0.881696441  0.868125055
  5.49999986E-05  0.935274985  0.935274985  0.863693339  0.863652013
  0.86299638  0.868430264  0.883245659  0.869691913
  5.99999985E-05  0.935629264  0.935629264  0.864994625  0.864951166
  0.864277579  0.869893728  0.884596259  0.871039973
  6.49999984E-05  0.93596018  0.93596018  0.866273556  0.86622783  0.865537645
  0.871331816  0.885929199  0.872365137
  6.99999982E-05  0.936278337  0.936278337  0.867412122  0.867364085
  0.866658619  0.872585948  0.887097165  0.873536921
  7.49999981E-05  0.936578154  0.936578154  0.868535675  0.868484999
  0.867765038  0.873827675  0.888256227  0.874694756
  7.9999998E-05  0.936867494  0.936867494  0.869523897  0.869469896
  0.868736022  0.87492324  0.889277432  0.875712078
  8.49999979E-05  0.937140257  0.937140257  0.870540215  0.87048283
  0.869735623  0.876053188  0.890334269  0.876760267
  8.99999977E-05  0.937408367  0.937408367  0.871397373  0.871337604
  0.870576198  0.877003726  0.891224009  0.877642091
  9.49999976E-05  0.937662275  0.937662275  0.872286368  0.872224125  0.871449
  0.877992439  0.892152322  0.878558385
  9.99999975E-05  0.93790899  0.93790899  0.873114133  0.873050212  0.872261361
  0.878909924  0.893012474  0.879414037
  0.000149999996  0.940008265  0.940008265  0.8794906  0.87940868  0.878528819
  0.886337776  0.899822707  0.886169874
  0.000199999995  0.941677958  0.941677958  0.88386024  0.883754132
  0.882835863  0.891821737  0.904726402  0.890921011
  0.000249999994  0.943090865  0.943090865  0.887398523  0.887275345
  0.886308894  0.896175759  0.908666219  0.89473638
  0.000299999992  0.944319086  0.944319086  0.890360293  0.890224628
  0.889209559  0.899869905  0.912006445  0.897953429
  0.000349999991  0.945425548  0.945425548  0.892770844  0.892623933
  0.891576234  0.902999225  0.914780688  0.900616754
  0.00039999999  0.946428502  0.946428502  0.894888822  0.894728634
  0.893658372  0.905802393  0.917242752  0.902975194
  0.000449999989  0.947351425  0.947351425  0.896761428  0.896585917
  0.895499076  0.908307297  0.919444097  0.905075324
  0.000499999987  0.948215229  0.948215229  0.898332267  0.898143389
  0.897047268  0.910531591  0.921405465  0.906869665
  0.000549999986  0.94901998  0.94901998  0.899781495  0.899579915  0.898476443
  0.912614321  0.923246249  0.908517691
  0.000599999985  0.949771222  0.949771222  0.901159509  0.900945543
  0.899836228  0.914611881  0.92501573  0.910073559
  0.000649999984  0.950495079  0.950495079  0.902513681  0.902284687
  0.901160999  0.916316794  0.926508745  0.91153558
  0.000699999982  0.951172278  0.951172278  0.90389201  0.903647527
  0.902512913  0.918059275  0.928036117  0.913027579
  0.000749999981  0.951829561  0.951829561  0.905068009  0.904809876
  0.903663473  0.919573095  0.929345379  0.914310764
  0.00079999998  0.952447113  0.952447113  0.906284161  0.906011983
  0.904857214  0.921150236  0.930713444  0.915643124
  0.000849999979  0.953051522  0.953051522  0.907312961  0.907029737
  0.905862246  0.922475809  0.931855769  0.916781577
  0.000899999977  0.953622194  0.953622194  0.908386092  0.908091347
  0.906914293  0.923869279  0.933060449  0.917972821
  0.000949999976  0.954180132  0.954180132  0.909266334  0.908958692
  0.907776609  0.925123867  0.934134508  0.9189779
  0.00100000005  0.954718734  0.954718734  0.910064404  0.909742939  0.90855889
  0.926333355  0.935164875  0.91990721
  0.00150000007  0.959320559  0.959320559  0.916885294  0.916474695
  0.915281919  0.936431926  0.943726503  0.927751638
  0.00200000009  0.963012049  0.963012049  0.921907206  0.921444576
  0.920256178  0.943992823  0.950108915  0.933599523
  0.00250000012  0.966145418  0.966145418  0.925573534  0.925049522
  0.923883984  0.950159439  0.955276538  0.938029511
  0.00300000014  0.968911066  0.968911066  0.928686537  0.928100066
  0.926958684  0.95526083  0.959524777  0.941694863
  0.00350000017  0.97139327  0.97139327  0.931660169  0.931017743  0.929896452
  0.959740777  0.963239078  0.945095903
  0.00400000019  0.973662975  0.973662975  0.934266133  0.933573335
  0.932470733  0.96372835  0.966507351  0.948124906
  0.00450000021  0.975758928  0.975758928  0.936429503  0.935690751
  0.934605404  0.967360071  0.969436336  0.950730463
  0.00500000024  0.977707091  0.977707091  0.938301868  0.937521871
  0.936456229  0.970770069  0.972141621  0.95304831
  0.00550000026  0.97955168  0.97955168  0.939988598  0.939176903  0.938130988
  0.973849451  0.974529375  0.9551494
  0.00600000028  0.981296545  0.981296545  0.941536255  0.940698112
  0.939665689  0.976731943  0.976733979  0.957098186
  0.00650000031  0.982932617  0.982932617  0.943059784  0.942197112
  0.941182571  0.979633124  0.97893594  0.959029272
  0.00700000033  0.984525638  0.984525638  0.944295027  0.943407433
  0.942401827  0.982105004  0.980775914  0.960637489
  0.00750000036  0.98601591  0.98601591  0.945589533  0.944675588  0.943692217
  0.984759285  0.982751756  0.962326223
  0.00800000038  0.987484176  0.987484176  0.946643248  0.945703861
  0.944739097  0.987007937  0.984389674  0.963761176
  0.0085000004  0.988867568  0.988867568  0.94775312  0.946786936  0.945852438
  0.989426912  0.986152258  0.965272142
  0.00900000043  0.990224538  0.990224538  0.948562162  0.947574426
  0.946661934  0.99158672  0.987711596  0.966461183
  0.00950000045  0.99152741  0.99152741  0.94929633  0.948288119  0.947398905
  0.993751749  0.989268987  0.967578976
  0.00999999978  0.992775779  0.992775779  0.950057446  0.949029371
  0.948167324  0.995976165  0.990863373  0.968713781
  0.0149999997  1.00366925  1.00366925  0.960671387  0.95958964  0.958952297
  1.01478455  1.00355603  0.980648475
  0.0199999996  1.01239938  1.01239938  0.972420693  0.971398636  0.971131532
  1.03052681  1.01359852  0.992703052
  0.0249999994  1.0195868  1.0195868  0.979932176  0.978999199  0.979300232
  1.04337986  1.02234001  1.00111553
  0.0299999993  1.02542719  1.02542719  0.985845  0.985042286  0.986017621
  1.05423128  1.03083479  1.00770469
  0.0349999992  1.0302144  1.0302144  0.991381875  0.990748665  0.992404584
  1.06225404  1.03865504  1.01337577
  0.0399999991  1.03406836  1.03406836  0.996270509  0.995799732  0.998133419
  1.06747204  1.04500723  1.01809054
  0.044999999  1.03709482  1.03709482  1.00018089  0.999840081  1.00285127
  1.07036707  1.05003577  1.02172793
  0.0499999989  1.03942911  1.03942911  1.00345005  1.00322558  1.00691488
  1.07155859  1.05407926  1.02462443
  0.0549999988  1.04123726  1.04123726  1.00631917  1.00620094  1.01057837
  1.07147447  1.05743877  1.02701974
  0.0599999987  1.04253696  1.04253696  1.00868733  1.0086586  1.01368174
  1.06995197  1.059876  1.02886181
  0.0649999985  1.04332873  1.04332873  1.01041353  1.01043749  1.01600956
  1.06728518  1.06131589  1.0301077
  0.0699999984  1.04394188  1.04394188  1.01202249  1.01208853  1.0182316
  1.06381443  1.06247593  1.03118154
  0.0749999983  1.04406746  1.04406746  1.01275427  1.01282493  1.0193185
  1.05971985  1.06242854  1.03159322
  0.0799999982  1.04414211  1.04414211  1.01345988  1.01353104  1.02039851
  1.05492069  1.06221973  1.0319508
  0.0849999981  1.04399065  1.04399065  1.01345494  1.01351074  1.02045748
  1.0503867  1.0611556  1.03196629
  0.089999998  1.04378245  1.04378245  1.0132208  1.01325488  1.02018693
  1.04545557  1.05970704  1.03188275
  0.0949999979  1.04338465  1.04338465  1.01272953  1.01274602  1.01952489
  1.04058556  1.05789695  1.03162083
  0.100000001  1.04263345  1.04263345  1.01173469  1.011745  1.01808267
  1.03674841  1.05555489  1.03101575
  0.150000002  1.03170457  1.03170457  1.00203855  1.00203855  1.00324189
  1.00663294  1.02191364  1.02367505
  0.200000003  1.01890801  1.01890801  0.998599009  0.998599009  0.997735992
  0.995157641  0.994684667  1.01623564
  0.250000004  1.00374872  1.00374872  0.998096517  0.998096517  0.996924416
  0.993272795  0.987005154  1.00575917
  0.300000004  0.985893844  0.985893844  0.99779088  0.99779088  0.996464787
  0.99223572  0.982222172  0.99098198
  0.350000005  0.967001849  0.967001849  0.997540326  0.997540326  0.996130142
  0.991587943  0.977856689  0.973624067
  0.400000006  0.947912436  0.947912436  0.997326443  0.997326443  0.995891491
  0.991259036  0.973863887  0.954929413
  0.450000007  0.929501714  0.929501714  0.997160483  0.997160483  0.995763748
  0.991279156  0.970466535  0.936113849
  0.500000007  0.912420918  0.912420918  0.997070765  0.997070765  0.995777845
  0.991701264  0.967941716  0.91806096
  0.550000008  0.897718169  0.897718169  0.997094116  0.997094116  0.995961141
  0.992569366  0.966701782  0.901939892
  0.600000009  0.886853075  0.886853075  0.99727116  0.99727116  0.996328455
  0.993870875  0.967174632  0.889354158
  0.65000001  0.88059485  0.88059485  0.997701109  0.997701109  0.997004606
  0.995774916  0.969923104  0.880947611
  0.70000001  0.881739519  0.881739519  0.998923496  0.998923496  0.998699726
  0.998587294  0.976310857  0.87904869
  0.750000011  0.899209217  0.899209217  1.00219595  1.00219595  1.002196
  1.002196  0.988927507  0.891115279
  0.800000012  0.958837912  0.958837912  1.00531188  1.00531188  1.00531188
  1.00531188  1.00848152  0.946753942
  0.850000013  1.06406846  1.06406846  1.00665006  1.00665006  1.00665005
  1.00665005  1.03291203  1.05186758
  0.900000013  1.21738765  1.21738765  1.00140998  1.00140998  1.00140998
  1.00140998  1.06085156  1.208351
  0.950000014  1.42687379  1.42687379  0.937419782  0.937419782  0.937419977
  0.937419977  1.08690628  1.42376709
  4096.
  9.99999975E-06  0.931260729  0.931260729  0.849689186  0.849677997
  0.849472367  0.852615539  0.871847423  0.854430503
  1.49999996E-05  0.932382333  0.932382333  0.855735562  0.85572205
  0.855480367  0.858749524  0.877658596  0.86044696
  1.99999995E-05  0.933267913  0.933267913  0.859849383  0.859833903
  0.85956894  0.863174803  0.881826271  0.864651502
  2.49999994E-05  0.934009808  0.934009808  0.86298736  0.862969164
  0.862688999  0.86663236  0.885084375  0.867880319
  2.99999992E-05  0.934652773  0.934652773  0.865621426  0.865599361
  0.865304477  0.869462214  0.887757583  0.870550153
  3.49999991E-05  0.935224499  0.935224499  0.867976798  0.867950575
  0.867639026  0.871896494  0.890050582  0.872908332
  3.9999999E-05  0.935741334  0.935741334  0.870032756  0.870003407
  0.869673486  0.874008946  0.892035027  0.874968674
  4.49999989E-05  0.936215122  0.936215122  0.871821579  0.87179024
  0.871443188  0.875888757  0.893792707  0.876780518
  4.99999987E-05  0.936652735  0.936652735  0.873416296  0.873383391
  0.873021616  0.877610658  0.895396088  0.87841441
  5.49999986E-05  0.937059996  0.937059996  0.874841995  0.874807389
  0.874433441  0.879191694  0.896863637  0.879889968
  5.99999985E-05  0.937444967  0.937444967  0.87607303  0.876036499
  0.875652358  0.880567148  0.898141676  0.881164756
  6.49999984E-05  0.937804351  0.937804351  0.877284959  0.877246389
  0.876853058  0.881921867  0.899405348  0.882420403
  6.99999982E-05  0.938149084  0.938149084  0.878356966  0.878316319
  0.87791436  0.883104177  0.900509298  0.88352596
  7.49999981E-05  0.938473812  0.938473812  0.87941703  0.879374094
  0.878964122  0.884276964  0.901607271  0.884620752
  7.9999998E-05  0.938786721  0.938786721  0.880348748  0.88030314  0.879885306
  0.885311335  0.902573468  0.885582987
  8.49999979E-05  0.939081723  0.939081723  0.881309383  0.881261048
  0.880835917  0.886380571  0.903576084  0.88657678
  8.99999977E-05  0.939370993  0.939370993  0.882115709  0.882065417
  0.881632088  0.887277802  0.904413867  0.887410302
  9.49999976E-05  0.939645009  0.939645009  0.882954153  0.88290183
  0.882460798  0.888213119  0.905290498  0.888278456
  9.99999975E-05  0.939910805  0.939910805  0.883731962  0.883678114
  0.883229385  0.889080742  0.90610122  0.889085821
  0.000149999996  0.942164309  0.942164309  0.889768112  0.889697631
  0.889205538  0.896111459  0.912559494  0.895477966
  0.000199999995  0.943946101  0.943946101  0.893965259  0.893874484
  0.89337229  0.901296025  0.917233118  0.900017551
  0.000249999994  0.945446648  0.945446648  0.897333677  0.897228162
  0.896705949  0.905414052  0.920957128  0.903645991
  0.000299999992  0.946747158  0.946747158  0.900154011  0.900037006
  0.899494765  0.908918599  0.924117517  0.906707264
  0.000349999991  0.947914252  0.947914252  0.902461667  0.902333924
  0.901782296  0.91188398  0.926748367  0.909247724
  0.00039999999  0.948969663  0.948969663  0.904492158  0.904352187
  0.903797992  0.914540365  0.929088829  0.9114995
  0.000449999989  0.949938865  0.949938865  0.906283512  0.906130053
  0.905577061  0.916914309  0.931177715  0.9134995
  0.000499999987  0.950843197  0.950843197  0.907808068  0.907642583
  0.907094938  0.919020233  0.933028393  0.915225067
  0.000549999986  0.951684493  0.951684493  0.909225326  0.909048189
  0.908506779  0.920994345  0.934763929  0.916824392
  0.000599999985  0.952469221  0.952469221  0.91058143  0.910392741
  0.909858531  0.922890618  0.936432509  0.918347318
  0.000649999984  0.953222946  0.953222946  0.91185714  0.911655356
  0.911119769  0.924506283  0.937837083  0.919732365
  0.000699999982  0.953927969  0.953927969  0.913157566  0.912942274
  0.912408498  0.926161177  0.939278753  0.921147988
  0.000749999981  0.954610154  0.954610154  0.914265259  0.914038064
  0.913504256  0.927594717  0.940511128  0.922363299
  0.00079999998  0.955251298  0.955251298  0.915413789  0.915174264
  0.914643807  0.929092139  0.941803567  0.923627988
  0.000849999979  0.955877167  0.955877167  0.916372102  0.916122507
  0.915591261  0.930348586  0.942877997  0.924693317
  0.000899999977  0.956468438  0.956468438  0.917375078  0.917114951
  0.916586048  0.931672812  0.944015247  0.925811453
  0.000949999976  0.957045071  0.957045071  0.918215395  0.91794406
  0.917420282  0.932863013  0.94502785  0.926770262
  0.00100000005  0.957601214  0.957601214  0.918988825  0.918705726
  0.918189369  0.934010194  0.945999597  0.927666833
  0.00150000007  0.962331821  0.962331821  0.925528373  0.925166487  0.92472039
  0.943587112  0.954055185  0.93519276
  0.00200000009  0.966100025  0.966100025  0.930293221  0.929880551
  0.929501861  0.950764921  0.960032412  0.94076026
  0.00250000012  0.969282351  0.969282351  0.933841992  0.933371845
  0.933069591  0.956625241  0.96486249  0.945042215
  0.00300000014  0.972078099  0.972078099  0.936842738  0.936315757
  0.936080258  0.96147558  0.9688204  0.948593217
  0.00350000017  0.974578956  0.974578956  0.939640472  0.939062488
  0.938883723  0.965743505  0.97227575  0.951834122
  0.00400000019  0.976858177  0.976858177  0.942074598  0.941450752
  0.941324006  0.969546778  0.975313537  0.95469948
  0.00450000021  0.978957284  0.978957284  0.944119653  0.943454214
  0.943377444  0.97301334  0.978038417  0.95718687
  0.00500000024  0.980904341  0.980904341  0.945913634  0.945210872
  0.945185471  0.976269804  0.980558852  0.959423808
  0.00550000026  0.982741932  0.982741932  0.947520385  0.946788365
  0.946809287  0.979204079  0.982779811  0.961439632
  0.00600000028  0.984475911  0.984475911  0.948992674  0.948235529
  0.948296502  0.981950499  0.98483146  0.963306015
  0.00650000031  0.986101384  0.986101384  0.950444134  0.9496632  0.949768941
  0.984719222  0.986886399  0.965157647
  0.00700000033  0.987676385  0.987676385  0.951623931  0.95081972  0.950958482
  0.987071637  0.988595712  0.966700863
  0.00750000036  0.989151874  0.989151874  0.952866343  0.952037442
  0.952223091  0.989606278  0.990440792  0.968328736
  0.00800000038  0.990597392  0.990597392  0.953873131  0.953021556  0.95324496
  0.991742398  0.991959213  0.969694967
  0.0085000004  0.991961473  0.991961473  0.954938194  0.954062634  0.954336013
  0.994047738  0.993601344  0.971139693
  0.00900000043  0.993293236  0.993293236  0.955761587  0.954867013
  0.955181129  0.996097924  0.99504177  0.972318197
  0.00950000045  0.994571402  0.994571402  0.956531697  0.955619136
  0.955975917  0.998153391  0.996479325  0.973445922
  0.00999999978  0.995796063  0.995796063  0.957331939  0.956401923
  0.956805402  1.00026774  0.997953912  0.974596385
  0.0149999997  1.00637574  1.00637574  0.96766213  0.966687249  0.967392876
  1.01793864  1.00956145  0.986280465
  0.0199999996  1.0147198  1.0147198  0.978361657  0.977442169  0.978505921
  1.03248631  1.01865818  0.997412284
  0.0249999994  1.0214703  1.0214703  0.985277314  0.984443639  0.986045104
  1.04412856  1.02637626  1.00523426
  0.0299999993  1.02689793  1.02689793  0.99079626  0.990085965  0.992307478
  1.05377832  1.03362153  1.01143763
  0.0349999992  1.03128363  1.03128363  0.995854552  0.995298908  0.998118372
  1.0607443  1.03996823  1.01667601
  0.0399999991  1.03475746  1.03475746  1.0002135  0.999803692  1.00319865
  1.06511166  1.04493846  1.02091613
  0.044999999  1.03743373  1.03743373  1.00364657  1.00335407  1.00731243
  1.067352  1.0487051  1.02412328
  0.0499999989  1.03945429  1.03945429  1.00646769  1.00627917  1.01079006
  1.06804434  1.05158201  1.02661821
  0.0549999988  1.04098507  1.04098507  1.00889819  1.00880344  1.01386508
  1.06757194  1.05382864  1.02862853
  0.0599999987  1.04204145  1.04204145  1.01083735  1.01081951  1.01638193
  1.06580699  1.05525197  1.03010148
  0.0649999985  1.04262752  1.04262752  1.01217299  1.01219931  1.01816812
  1.06306437  1.05583417  1.03101517
  0.0699999984  1.04305273  1.04305273  1.0133779  1.01343879  1.01982149
  1.05956651  1.05611457  1.03175956
  0.0749999983  1.04303075  1.04303075  1.01378889  1.01385209  1.02044851
  1.0556355  1.05545408  1.03191096
  0.0799999982  1.04296529  1.04296529  1.01414948  1.01421124  1.02102728
  1.0510267  1.05457674  1.03200361
  0.0849999981  1.04266648  1.04266648  1.01389735  1.01394545  1.02073163
  1.04675303  1.05308473  1.03178502
  0.089999998  1.04230959  1.04230959  1.013424  1.01345329  1.0201182
  1.04211907  1.05123659  1.03146668
  0.0949999979  1.04178568  1.04178568  1.01273323  1.01274724  1.01917452
  1.03752245  1.04909131  1.03100067
  0.100000001  1.04094636  1.04094636  1.01165424  1.01166303  1.01763137
  1.03389292  1.04662994  1.03026332
  0.150000002  1.02958113  1.02958113  1.0016388  1.0016388  1.00255931
  1.00499396  1.0150352  1.02203865
  0.200000003  1.0164372  1.0164372  0.998179034  0.998179034  0.997107723
  0.994101148  0.991929708  1.01398125
  0.250000004  1.00098603  1.00098603  0.997590927  0.997590927  0.996171196
  0.992008022  0.984287943  1.00295627
  0.300000004  0.983040403  0.983040403  0.997204871  0.997204871  0.995597634
  0.990760341  0.978702175  0.98785642
  0.350000005  0.964283407  0.964283407  0.996889653  0.996889653  0.995180961
  0.989971967  0.973597567  0.970477873
  0.400000006  0.945472217  0.945472217  0.996621385  0.996621385  0.994883741
  0.989558357  0.968898682  0.95198652
  0.450000007  0.927434862  0.927434862  0.996414638  0.996414638  0.994724792
  0.989559443  0.964865931  0.93353329
  0.500000007  0.910817011  0.910817011  0.996304017  0.996304017  0.994741047
  0.990041022  0.961834661  0.91598254
  0.550000008  0.896681999  0.896681999  0.996335111  0.996335111  0.994966078
  0.991059252  0.960317998  0.900515737
  0.600000009  0.886482497  0.886482497  0.996558588  0.996558588  0.995421279
  0.992606541  0.960863033  0.888707889
  0.65000001  0.881067123  0.881067123  0.997105856  0.997105856  0.996275903
  0.994893129  0.964213839  0.881287769
  0.70000001  0.883470837  0.883470837  0.998651407  0.998651407  0.998397167
  0.998275031  0.97214251  0.880862427
  0.750000011  0.90315576  0.90315576  1.0026619  1.0026619  1.00266195
  1.00266195  0.987954977  0.895753344
  0.800000012  0.964277233  0.964277233  1.00659434  1.00659434  1.00659434
  1.00659434  1.0125262  0.953445065
  0.850000013  1.06940194  1.06940194  1.00873468  1.00873468  1.00873468
  1.00873468  1.04378981  1.05851004
  0.900000013  1.22131484  1.22131484  1.00432021  1.00432021  1.00432021
  1.00432021  1.08085538  1.21322152
  0.950000014  1.42825134  1.42825134  0.940801542  0.940801542  0.94080172
  0.94080172  1.11777247  1.42542844
  16384.
  9.99999975E-06  0.932383195  0.932383195  0.860254837  0.860245545
  0.86013319  0.862837628  0.88350366  0.864212699
  1.49999996E-05  0.933602588  0.933602588  0.865910265  0.865898882
  0.865765484  0.868628595  0.889020042  0.869873725
  1.99999995E-05  0.934560778  0.934560778  0.869806144  0.86979287
  0.869647147  0.872810198  0.892985263  0.873856971
  2.49999994E-05  0.935360883  0.935360883  0.872804338  0.872788575
  0.87263556  0.876083318  0.896090012  0.876936996
  2.99999992E-05  0.936052965  0.936052965  0.875312623  0.875293574
  0.875132812  0.878766754  0.898638067  0.879484674
  3.49999991E-05  0.936667014  0.936667014  0.877531265  0.877508826
  0.877338393  0.881075776  0.900824131  0.881718032
  3.9999999E-05  0.937221298  0.937221298  0.879460738  0.87943572  0.879254322
  0.883081394  0.902718342  0.883663437
  4.49999989E-05  0.937728594  0.937728594  0.88114483  0.881118035
  0.880926608  0.884866386  0.904397528  0.885376745
  4.99999987E-05  0.938196495  0.938196495  0.882653918  0.882625629
  0.882425946  0.88650117  0.905930492  0.886926346
  5.49999986E-05  0.938631459  0.938631459  0.884010734  0.883980842
  0.883774734  0.888001767  0.907334311  0.888330778
  5.99999985E-05  0.939042096  0.939042096  0.885184564  0.885152917
  0.884941584  0.889307471  0.908555401  0.889546689
  6.49999984E-05  0.939425272  0.939425272  0.886341801  0.886308299
  0.886092538  0.890595844  0.909764699  0.890746253
  6.99999982E-05  0.939792157  0.939792157  0.887360811  0.887325432
  0.887105363  0.891720289  0.910818769  0.891799198
  7.49999981E-05  0.940137628  0.940137628  0.888370188  0.888332782
  0.888108929  0.892837407  0.911868943  0.89284369
  7.9999998E-05  0.940470144  0.940470144  0.889256604  0.889216958  0.8889892
  0.89382213  0.912791607  0.893761489
  8.49999979E-05  0.940783654  0.940783654  0.890172514  0.890130571
  0.889899488  0.894842028  0.913751339  0.89471131
  8.99999977E-05  0.941090445  0.941090445  0.89093832  0.890894696
  0.890659346  0.895695964  0.914549175  0.895505625
  9.49999976E-05  0.941381129  0.941381129  0.89173639  0.891691014
  0.891451911  0.896587845  0.915386072  0.896334614
  9.99999975E-05  0.94166273  0.94166273  0.892475142  0.892428356  0.892185492
  0.897414944  0.916159429  0.89710375
  0.000149999996  0.944043368  0.944043368  0.89824005  0.898177862
  0.897922211  0.904121606  0.922342368  0.903209317
  0.000199999995  0.94591684  0.94591684  0.902284363  0.902204586  0.90195729
  0.909062417  0.926823435  0.907571239
  0.000249999994  0.94748858  0.94748858  0.905510368  0.905417475  0.905168855
  0.91298765  0.93037682  0.911045746
  0.000299999992  0.94884754  0.94884754  0.908213625  0.908110018  0.9078601
  0.91633529  0.933395254  0.913980133
  0.000349999991  0.950063358  0.950063358  0.91043246  0.910318631
  0.910074482  0.91916516  0.935909764  0.916418714
  0.00039999999  0.951160771  0.951160771  0.912386806  0.912261623
  0.912027946  0.921700272  0.938148689  0.918581726
  0.000449999989  0.952166846  0.952166846  0.914109515  0.91397217
  0.913751243  0.923965723  0.940143624  0.920500702
  0.000499999987  0.953103298  0.953103298  0.915588437  0.915440087
  0.915233952  0.925973743  0.941904791  0.922165965
  0.000549999986  0.953973473  0.953973473  0.916968742  0.916809595
  0.916618525  0.927857783  0.943556062  0.923717005
  0.000599999985  0.954784625  0.954784625  0.918293742  0.918123797
  0.917948394  0.929669755  0.945144349  0.925200794
  0.000649999984  0.955561699  0.955561699  0.91950542  0.919323783
  0.919155828  0.931211034  0.946478066  0.926522865
  0.000699999982  0.956288505  0.956288505  0.920742409  0.920548706
  0.920391248  0.932792808  0.9478508  0.927876153
  0.000749999981  0.956990021  0.956990021  0.921794016  0.921589662
  0.92144021  0.934159742  0.949021087  0.929035572
  0.00079999998  0.957649543  0.957649543  0.922887069  0.922671636
  0.922533576  0.935590857  0.950252235  0.930244725
  0.000849999979  0.958291931  0.958291931  0.92379161  0.923566922
  0.923436119  0.936789554  0.951271711  0.931254913
  0.000899999977  0.958899128  0.958899128  0.924740981  0.92450658
  0.924386194  0.938055767  0.952354173  0.932317912
  0.000949999976  0.959490073  0.959490073  0.925547057  0.925302678
  0.925194155  0.939192106  0.953316357  0.933238306
  0.00100000005  0.960059605  0.960059605  0.926296022  0.926041332
  0.925946359  0.940287148  0.954239653  0.934104855
  0.00150000007  0.964886848  0.964886848  0.932580738  0.932254636
  0.932282847  0.949428819  0.961879333  0.941350025
  0.00200000009  0.968710146  0.968710146  0.937129266  0.936753828
  0.936892373  0.956285032  0.967526637  0.946684982
  0.00250000012  0.971925638  0.971925638  0.940562412  0.940132799
  0.940383248  0.961887053  0.972081156  0.950829413
  0.00300000014  0.974739672  0.974739672  0.943452409  0.942970311
  0.943316165  0.966524956  0.975802539  0.954266698
  0.00350000017  0.977249938  0.977249938  0.946102455  0.945573205
  0.946001494  0.970611782  0.979047359  0.957370054
  0.00400000019  0.979531452  0.979531452  0.948397893  0.947826291
  0.948330236  0.974256473  0.981897678  0.960102575
  0.00450000021  0.981627947  0.981627947  0.950343317  0.949733452
  0.950310029  0.977580211  0.984454894  0.962490005
  0.00500000024  0.983569261  0.983569261  0.952065669  0.951421446
  0.952070887  0.980703632  0.986821704  0.964652386
  0.00550000026  0.985396335  0.985396335  0.953601464  0.952929884
  0.953643957  0.983512978  0.988903224  0.966592847
  0.00600000028  0.987116818  0.987116818  0.955007865  0.954312359
  0.955084671  0.986142089  0.990825716  0.96838791
  0.00650000031  0.988729367  0.988729367  0.956396502  0.955678031
  0.956513494  0.988796199  0.99275512  0.970171198
  0.00700000033  0.99028524  0.99028524  0.957527172  0.956786883  0.957671438
  0.991044873  0.994351864  0.971657441
  0.00750000036  0.991744662  0.991744662  0.958722778  0.957959287
  0.958907163  0.993474928  0.996082937  0.973231291
  0.00800000038  0.99316735  0.99316735  0.959690556  0.958906552  0.959904695
  0.99551315  0.997496714  0.974543191
  0.0085000004  0.994511782  0.994511782  0.960718141  0.95991236  0.960973367
  0.997719057  0.999032174  0.975935442
  0.00900000043  0.99581902  0.99581902  0.961543345  0.960720512  0.961833573
  0.99967387  1.00036949  0.977097078
  0.00950000045  0.997073253  0.997073253  0.962329812  0.961490913
  0.962658025  1.0016339  1.00170329  0.978221273
  0.00999999978  0.998274972  0.998274972  0.963148152  0.962293656
  0.963518898  1.00365228  1.00307377  0.979371602
  0.0149999997  1.00856484  1.00856484  0.973141449  0.972248912  0.973821745
  1.02035789  1.01374456  0.990735323
  0.0199999996  1.01656658  1.01656658  0.982987989  0.982148021  0.984073724
  1.03391231  1.02199469  1.00111193
  0.0249999994  1.02294164  1.02294164  0.989394938  0.988638157  0.991072249
  1.04456088  1.02880572  1.00842102
  0.0299999993  1.02801753  1.02801753  0.994547041  0.993907845  0.996911131
  1.05323495  1.0349959  1.01424449
  0.0349999992  1.03206487  1.03206487  0.999183613  0.998687395  1.00222018
  1.05934789  1.04018473  1.01907564
  0.0399999991  1.03522132  1.03522132  1.00309662  1.00273345  1.00676171
  1.06302908  1.04408746  1.02289603
  0.044999999  1.0376076  1.0376076  1.00613099  1.00587514  1.01037881
  1.06474092  1.04689241  1.02572768
  0.0499999989  1.03936992  1.03936992  1.00858096  1.00841935  1.01338005
  1.06502903  1.04889053  1.02787745
  0.0549999988  1.04067262  1.04067262  1.01065113  1.01057356  1.01598144
  1.06424015  1.05030593  1.02956154
  0.0599999987  1.04152916  1.04152916  1.01224342  1.01223319  1.01803418
  1.06227606  1.05098485  1.03072905
  0.0649999985  1.04194642  1.04194642  1.01326938  1.01329694  1.01940018
  1.05946619  1.05095281  1.03137525
  0.0699999984  1.04221657  1.04221657  1.01415447  1.01421101  1.02061325
  1.05593814  1.05060517  1.03185548
  0.0749999983  1.04207099  1.04207099  1.01432069  1.014378  1.02089774
  1.05212566  1.04953133  1.0318048
  0.0799999982  1.04188697  1.04188697  1.01441694  1.01447155  1.02110171
  1.04765437  1.04820051  1.03169065
  0.0849999981  1.04146921  1.04146921  1.01398345  1.01402574  1.02055263
  1.04357344  1.0464407  1.03129951
  0.089999998  1.04099289  1.04099289  1.01333689  1.01336256  1.01969773
  1.03916043  1.04435028  1.03081009
  0.0949999979  1.0403673  1.0403673  1.01250311  1.01251528  1.01855812
  1.03477016  1.04201046  1.03019632
  0.100000001  1.03945737  1.03945737  1.01137128  1.01137893  1.01695666
  1.03130633  1.03951516  1.0293679
  0.150000002  1.0277218  1.0277218  1.00121998  1.00121998  1.0018774
  1.00353653  1.00984536  1.02055207
  0.200000003  1.01428149  1.01428149  0.997776728  0.997776728  0.996516497
  0.993142664  0.989569588  1.0120225
  0.250000004  0.99859282  0.99859282  0.997112577  0.997112577  0.995470421
  0.990869589  0.981773248  1.00054803
  0.300000004  0.980583558  0.980583558  0.996653415  0.996653415  0.99479504
  0.98944  0.97547419  0.985192552
  0.350000005  0.961955174  0.961955174  0.996280075  0.996280075  0.994306023
  0.988531489  0.969716115  0.967814442
  0.400000006  0.943392635  0.943392635  0.995963446  0.995963446  0.993957895
  0.98804652  0.964391854  0.94950896
  0.450000007  0.925685278  0.925685278  0.995721268  0.995721268  0.993773078
  0.988034044  0.959795661  0.931375039
  0.500000007  0.909475661  0.909475661  0.995593855  0.995593855  0.993793791
  0.988571645  0.956317155  0.914263147
  0.550000008  0.895840607  0.895840607  0.995634998  0.995634998  0.994059619
  0.989726893  0.954564512  0.89936547
  0.600000009  0.886230457  0.886230457  0.995904874  0.995904874  0.994599118
  0.991497165  0.955199507  0.888239785
  0.65000001  0.88156589  0.88156589  0.996568404  0.996568404  0.995627712
  0.994131379  0.959144649  0.881691654
  0.70000001  0.885091208  0.885091208  0.998430027  0.998430027  0.998156893
  0.998030338  0.968569489  0.882576359
  0.750000011  0.906672956  0.906672956  1.00312463  1.00312463  1.00312468
  1.00312468  0.987466101  0.899855767
  0.800000012  0.969019963  0.969019963  1.00781165  1.00781165  1.00781166
  1.00781166  1.01685922  0.959207338
  0.850000013  1.07401411  1.07401411  1.01073656  1.01073656  1.01073656
  1.01073656  1.05479339  1.06418222
  0.900000013  1.22470339  1.22470339  1.00724953  1.00724953  1.00724952
  1.00724952  1.10107285  1.21737851
  0.950000014  1.42944719  1.42944719  0.945891669  0.945891669  0.945891827
  0.945891827  1.14970506  1.42686208
