  4.
  9.99999975E-06  0.895100629  0.895100633  0.605545529  0.605345686
  0.591041187  0.610021318  0.43640083  0.614549166
  1.49999996E-05  0.895356836  0.895356838  0.620762128  0.620554879
  0.605008385  0.621739342  0.447469511  0.631557856
  1.99999995E-05  0.895589127  0.895589126  0.627012623  0.6268127  0.610016918
  0.631362128  0.456424114  0.6415959
  2.49999994E-05  0.895800156  0.895800153  0.628391437  0.628199235
  0.610250705  0.638751126  0.463786325  0.646236716
  2.99999992E-05  0.895997514  0.895997516  0.630116106  0.629913227
  0.611044517  0.644519782  0.4702501  0.648594407
  3.49999991E-05  0.896180409  0.89618041  0.635530019  0.635287777
  0.615798079  0.649536485  0.476336188  0.653279971
  3.9999999E-05  0.896355144  0.896355143  0.642944498  0.642644361
  0.622751224  0.653946703  0.481850685  0.660123509
  4.49999989E-05  0.896520609  0.89652061  0.649673356  0.649317639
  0.629109175  0.657869529  0.48660521  0.666834113
  4.99999987E-05  0.896677355  0.896677358  0.654965243  0.65457137
  0.634061402  0.661689705  0.490805616  0.672597468
  5.49999986E-05  0.89682786  0.896827862  0.658642358  0.658237679
  0.637400939  0.665676805  0.494592914  0.67714737
  5.99999985E-05  0.896977096  0.896977094  0.661287218  0.660884242
  0.63967871  0.669374036  0.497700423  0.680453861
  6.49999984E-05  0.897117819  0.897117817  0.663867616  0.663468229
  0.641905235  0.6729335  0.500802905  0.683664045
  6.99999982E-05  0.897255629  0.897255626  0.666658978  0.666263293
  0.644405215  0.675832427  0.504087333  0.687043151
  7.49999981E-05  0.897387018  0.897387017  0.66935076  0.668951261
  0.646829547  0.67867146  0.506990627  0.690334496
  7.9999998E-05  0.897517693  0.89751769  0.671676385  0.671253294  0.648939701
  0.681179357  0.508739198  0.69323465
  8.49999979E-05  0.897641076  0.897641074  0.67402323  0.673576216
  0.651076718  0.683723171  0.510494901  0.696139805
  8.99999977E-05  0.897766715  0.897766711  0.676152845  0.67568168
  0.653005653  0.685858847  0.511840003  0.698311429
  9.49999976E-05  0.897885532  0.89788553  0.678312026  0.677816437
  0.654968657  0.688044663  0.513210251  0.700517016
  9.99999975E-05  0.898003717  0.898003708  0.680542031  0.680039348
  0.657031793  0.690109889  0.515548023  0.702777333
  0.000149999996  0.899071982  0.899071974  0.696262645  0.695700239
  0.671034088  0.707621322  0.541012025  0.721042674
  0.000199999995  0.899999599  0.899999599  0.701752141  0.700955308
  0.674567581  0.720056435  0.555291652  0.729665767
  0.000249999994  0.900836791  0.90083679  0.707790492  0.706851574
  0.679221832  0.729701486  0.568112165  0.736632207
  0.000299999992  0.901602334  0.901602331  0.714070215  0.713070232
  0.684469684  0.73792238  0.58016166  0.743993085
  0.000349999991  0.902323598  0.902323597  0.718248448  0.717207749
  0.687658314  0.745090897  0.589561835  0.749726107
  0.00039999999  0.903000488  0.903000489  0.72172408  0.720622361  0.69023144
  0.751540352  0.596606618  0.754782507
  0.000449999989  0.903641735  0.903641734  0.725838198  0.724637153
  0.693633425  0.75716031  0.601631523  0.761009873
  0.000499999987  0.904262443  0.904262437  0.727685432  0.72639472
  0.694613458  0.762028845  0.606611537  0.764918894
  0.000549999986  0.904853057  0.904853048  0.728002336  0.726646634
  0.693966749  0.766569816  0.612280188  0.766068566
  0.000599999985  0.905412012  0.905412012  0.727169902  0.725770006
  0.692081835  0.770898874  0.618589842  0.764954157
  0.000649999984  0.905970953  0.905970944  0.730482159  0.729032664
  0.694965232  0.774632126  0.6238777  0.768552727
  0.000699999982  0.906495867  0.906495867  0.73382654  0.732326997
  0.697911912  0.778397646  0.629008524  0.772145715
  0.000749999981  0.907020046  0.907020037  0.736213975  0.734664479
  0.699847209  0.781804449  0.632789186  0.774378574
  0.00079999998  0.907512999  0.907513  0.73875107  0.737151031  0.701960027
  0.78530675  0.636710418  0.776849723
  0.000849999979  0.908012917  0.908012904  0.74260863  0.740958635
  0.705673918  0.788316681  0.641001891  0.781628262
  0.000899999977  0.908483472  0.908483468  0.746518249  0.74481819
  0.709464687  0.791420265  0.645389688  0.786488377
  0.000949999976  0.908955426  0.908955418  0.748421782  0.746672368
  0.710999405  0.794217956  0.648741171  0.789118643
  0.00100000005  0.909415734  0.909415722  0.749364483  0.747565656
  0.711443305  0.79690306  0.65161849  0.790681235
  0.00150000007  0.91355699  0.91355697  0.760002316  0.757758247  0.718515263
  0.820017064  0.676388143  0.804782322
  0.00200000009  0.917152482  0.917152464  0.771335722  0.768739418
  0.727892786  0.83682241  0.696366647  0.819069279
  0.00250000012  0.920379261  0.920379251  0.776618216  0.773749449
  0.730880956  0.850226235  0.712418056  0.827035563
  0.00300000014  0.923370596  0.923370581  0.780274597  0.777174685
  0.732499093  0.861148312  0.725852191  0.830867026
  0.00350000017  0.926151962  0.926151949  0.787263418  0.783946158
  0.738464896  0.870380548  0.738209461  0.837450061
  0.00400000019  0.928774402  0.928774391  0.794866388  0.791379664
  0.745466417  0.878321423  0.749331298  0.845665604
  0.00450000021  0.931265452  0.931265453  0.80032838  0.79672425  0.750140804
  0.88546539  0.759032471  0.851877195
  0.00500000024  0.933634282  0.933634287  0.803953499  0.8002484  0.7527774
  0.892207053  0.767582455  0.855871201
  0.00550000026  0.935934822  0.93593483  0.807553762  0.803696344  0.75556436
  0.898617229  0.775002903  0.859944065
  0.00600000028  0.938158696  0.938158728  0.811124051  0.807152653
  0.758405134  0.904695187  0.78169742  0.864179012
  0.00650000031  0.940254145  0.940254146  0.814720454  0.81065393  0.761326587
  0.910790873  0.788166339  0.868548247
  0.00700000033  0.942385868  0.942385926  0.817528949  0.813419986
  0.763444472  0.915990579  0.793952203  0.871854791
  0.00750000036  0.944364211  0.944364212  0.820374062  0.816225007  0.76561968
  0.921426552  0.799883935  0.875219193
  0.00800000038  0.946388301  0.946388399  0.823679501  0.819486445
  0.768595305  0.925984342  0.803790532  0.880476065
  0.0085000004  0.948278218  0.948278246  0.827046709  0.822811067  0.771663268
  0.930785944  0.807835217  0.885821327
  0.00900000043  0.950201616  0.95020174  0.827729013  0.823388833  0.771346723
  0.935065218  0.81159479  0.887975425
  0.00950000045  0.952057525  0.952057648  0.827571414  0.823105307
  0.769937062  0.939308775  0.815342743  0.889148205
  0.00999999978  0.953839988  0.95384003  0.82728097  0.822688772  0.768352908
  0.943672659  0.819239087  0.889972303
  0.0149999997  0.970603095  0.970603163  0.838705921  0.833799533  0.773448409
  0.986922754  0.856546083  0.897605653
  0.0199999996  0.98568375  0.985683796  0.875856214  0.871955072  0.81494502
  1.02815984  0.883385368  0.932539304
  0.0249999994  0.999849989  0.999851365  0.89689799  0.893821586  0.837743104
  1.06365707  0.903538575  0.955539397
  0.0299999993  1.0121019  1.01210249  0.90873904  0.906338194  0.850294394
  1.09387258  0.922005882  0.965647437
  0.0349999992  1.02304272  1.02304277  0.922045765  0.920380777  0.866441257
  1.1159467  0.955644213  0.973759393
  0.0399999991  1.03269137  1.03269179  0.936630496  0.935725685  0.885829384
  1.1295985  0.987441723  0.983461721
  0.044999999  1.0410296  1.04103152  0.948738245  0.948483205  0.90336013
  1.1367088  1.01579448  0.991291808
  0.0499999989  1.04810594  1.04810916  0.959186645  0.959417717  0.919706425
  1.13928582  1.04141196  0.998002741
  0.0549999988  1.05403098  1.05403324  0.968652642  0.969238399  0.93547325
  1.13850014  1.06516121  1.00410665
  0.0599999987  1.05883455  1.05883614  0.97706557  0.977832169  0.950429501
  1.13400566  1.08636281  1.00971852
  0.0649999985  1.06248886  1.06249163  0.983599079  0.984395436  0.963023182
  1.12532564  1.10415751  1.01434455
  0.0699999984  1.06563056  1.06563107  0.989750944  0.990541102  0.975448357
  1.11420604  1.12159887  1.01866947
  0.0749999983  1.0671912  1.06719276  0.993306255  0.993950417  0.983405171
  1.09915752  1.13416797  1.02076573
  0.0799999982  1.06852075  1.06852129  0.996804193  0.997292714  0.99147092
  1.08193464  1.14704987  1.02264995
  0.0849999981  1.06992414  1.06992605  0.998359563  0.998678477  0.995329092
  1.06460226  1.15568833  1.02420622
  0.089999998  1.07129743  1.07129905  0.999413157  0.999549993  0.998133069
  1.04583606  1.16349341  1.0256841
  0.0949999979  1.07207309  1.07207288  1.00012582  1.00013835  1.00007998
  1.02887521  1.17005771  1.02687827
  0.100000001  1.07184475  1.07184429  1.00007733  1.00008528  1.00004937
  1.01802663  1.17357082  1.02752532
  0.150000002  1.05835344  1.05834637  1.  1.  1.  1.  1.14855127  1.03453985
  0.200000003  1.04406473  1.04405393  1.  1.  1.  1.  1.02881403  1.03825667
  0.250000004  1.02868174  1.02867096  1.  1.  1.  1.  1.  1.0325344
  0.300000004  1.00819609  1.00819493  1.  1.  1.  1.  1.  1.01892889
  0.350000005  0.983880569  0.983866033  1.  1.  1.  1.  1.  0.998557179
  0.400000006  0.957568187  0.957544883  1.  1.  1.  1.  1.  0.973657248
  0.450000007  0.930796902  0.930775771  1.  1.  1.  1.  1.  0.946216042
  0.500000007  0.905037201  0.905026924  1.  1.  1.  1.  1.  0.918419134
  0.550000008  0.881478414  0.881472576  1.  1.  1.  1.  1.  0.891763503
  0.600000009  0.862147697  0.862131562  1.  1.  1.  1.  1.  0.868908399
  0.65000001  0.847425384  0.847413807  1.  1.  1.  1.  1.  0.849885239
  0.70000001  0.839280903  0.839278737  1.  1.  1.  1.  1.  0.836379984
  0.750000011  0.841580149  0.841589021  1.  1.  1.  1.  1.  0.825096115
  0.800000012  0.901405152  0.90146891  1.  1.  1.  1.  1.  0.872283096
  0.850000013  1.03433204  1.03453842  1.  1.  1.  1.  1.  1.00418346
  0.900000013  1.24130496  1.24151797  1.  1.  1.  1.  1.  1.21970211
  0.950000014  1.53045899  1.5305017  1.  1.  1.  1.  1.  1.52399885
  16.
  9.99999975E-06  0.898364969  0.898390135  0.645270893  0.64518327
  0.640315484  0.652695372  0.621653166  0.659336384
  1.49999996E-05  0.899016106  0.899044403  0.657437563  0.657342396
  0.651831235  0.664546645  0.631994088  0.672006491
  1.99999995E-05  0.899558137  0.899588935  0.664642964  0.664545401
  0.65854047  0.673615181  0.640034493  0.68047116
  2.49999994E-05  0.900027568  0.900060522  0.669389558  0.669288073
  0.662905843  0.680786096  0.646586934  0.686300479
  2.99999992E-05  0.900443743  0.900478484  0.673815667  0.67370213
  0.666994278  0.686628642  0.652024034  0.690988719
  3.49999991E-05  0.900821788  0.900858049  0.679072478  0.678937346
  0.671949026  0.691721492  0.656896018  0.696066205
  3.9999999E-05  0.901169283  0.901206981  0.684420247  0.684258956
  0.677012956  0.696159091  0.66108529  0.70119021
  4.49999989E-05  0.901492728  0.901531701  0.689129348  0.688944978
  0.681479349  0.700143059  0.664794187  0.70584244
  4.99999987E-05  0.901795631  0.901835709  0.693115141  0.692914751
  0.685260964  0.703871052  0.668188111  0.709949478
  5.49999986E-05  0.902081165  0.902122224  0.696370097  0.696162975
  0.688338389  0.707409465  0.671275837  0.713467709
  5.99999985E-05  0.902354546  0.902396678  0.699066647  0.698856382
  0.690861145  0.710548921  0.673945051  0.716373536
  6.49999984E-05  0.902610931  0.902654092  0.701708953  0.701495771
  0.693337075  0.713615388  0.67656939  0.719214842
  6.99999982E-05  0.902860671  0.902904832  0.704229013  0.704011879
  0.695714027  0.716289876  0.678980647  0.72188368
  7.49999981E-05  0.903096932  0.903142009  0.706694231  0.706470787
  0.698044458  0.718926836  0.681309461  0.724493655
  7.9999998E-05  0.903327417  0.90337335  0.708876333  0.708640535  0.700109099
  0.721282499  0.683262981  0.726783005
  8.49999979E-05  0.903544747  0.903591484  0.711095876  0.710847579
  0.702213763  0.723689743  0.685264426  0.729112954
  8.99999977E-05  0.903761362  0.903808865  0.713053767  0.7127948  0.704061328
  0.725756379  0.687082331  0.73108671
  9.49999976E-05  0.903966321  0.904014554  0.715058395  0.714788547
  0.70595757  0.727885263  0.688953362  0.733112743
  9.99999975E-05  0.904167796  0.904216735  0.716976585  0.716701082
  0.70777574  0.7298741  0.690871618  0.735069633
  0.000149999996  0.90592482  0.905979701  0.730908456  0.730565841
  0.720771531  0.745958646  0.706953536  0.750244475
  0.000199999995  0.907377701  0.907437139  0.738700508  0.738234791
  0.727772206  0.757522214  0.717819335  0.759386426
  0.000249999994  0.908644663  0.908707962  0.745564375  0.745021303
  0.734030864  0.766638816  0.726908046  0.766952065
  0.000299999992  0.909768709  0.909835329  0.751569777  0.750980691
  0.739508677  0.77430383  0.734607604  0.773649999
  0.000349999991  0.910805448  0.910874946  0.756143055  0.755514658
  0.743636229  0.780810811  0.740864601  0.779029496
  0.00039999999  0.911760158  0.91183217  0.760091877  0.759414972  0.747179265
  0.786611012  0.746106246  0.783739824
  0.000449999989  0.912649598  0.912723968  0.763817783  0.763079812
  0.750528394  0.791761272  0.750611334  0.788269713
  0.000499999987  0.913497867  0.913574437  0.76640239  0.765611532
  0.752769238  0.796336957  0.75490203  0.791672639
  0.000549999986  0.91429581  0.914374388  0.768405473  0.767571424
  0.754441136  0.800595306  0.759074782  0.794214777
  0.000599999985  0.915045076  0.915125493  0.769999614  0.769130186
  0.755708841  0.804646723  0.763188834  0.796089758
  0.000649999984  0.915780169  0.915862318  0.772895249  0.771988543
  0.758349878  0.808115868  0.76664116  0.799156995
  0.000699999982  0.916469263  0.916553023  0.775828887  0.774884374
  0.761043879  0.811628277  0.77010557  0.802266233
  0.000749999981  0.917149881  0.917235193  0.778252112  0.777271183
  0.763247508  0.814727339  0.773056911  0.804814908
  0.00079999998  0.917789116  0.917875872  0.780752899  0.779734821
  0.765536658  0.817920946  0.77609401  0.807470755
  0.000849999979  0.918424437  0.918512555  0.783332367  0.782277841
  0.767921636  0.820612487  0.778736183  0.810374076
  0.000899999977  0.919023027  0.919112427  0.785978361  0.784886753
  0.770382016  0.823409575  0.781473961  0.813363863
  0.000949999976  0.91961643  0.919707063  0.787718592  0.786591623
  0.771920639  0.825938458  0.783840183  0.815440311
  0.00100000005  0.920192393  0.920284204  0.789031175  0.787869326
  0.773021601  0.82837409  0.786056152  0.81708966
  0.00150000007  0.925250924  0.925352211  0.801326434  0.799849934
  0.783683081  0.848792965  0.804780264  0.831539055
  0.00200000009  0.929483131  0.929591084  0.811527564  0.80979926  0.792754207
  0.863831061  0.819159755  0.84342456
  0.00250000012  0.933184257  0.933297114  0.817750817  0.815821297
  0.797900549  0.875918691  0.830772765  0.851192454
  0.00300000014  0.936541396  0.936657956  0.822940822  0.820839093
  0.802185248  0.885817664  0.840481137  0.856956014
  0.00350000017  0.939613006  0.939732381  0.829242671  0.826983281
  0.807803482  0.894341585  0.849084782  0.863463558
  0.00400000019  0.94247364  0.942595189  0.835260599  0.832875109  0.813259518
  0.901802212  0.856687541  0.869952971
  0.00450000021  0.945156477  0.945279616  0.839887649  0.837403372  0.8173091
  0.908521645  0.863360568  0.875146469
  0.00500000024  0.947680557  0.94780478  0.843468676  0.840894695  0.82029512
  0.914795536  0.869376462  0.879225268
  0.00550000026  0.950109816  0.950234768  0.846868336  0.844189641
  0.823183355  0.920526461  0.874702394  0.883125657
  0.00600000028  0.952438313  0.952563673  0.850082707  0.84732259  0.825909544
  0.925880656  0.879564151  0.886879673
  0.00650000031  0.95462743  0.954752862  0.85326467  0.850434336  0.828622963
  0.931224864  0.884330226  0.890633631
  0.00700000033  0.956812618  0.956937904  0.855813646  0.852939656
  0.830702486  0.935771645  0.888318384  0.893683931
  0.00750000036  0.958845967  0.958970773  0.858426628  0.855509761
  0.832858894  0.940577216  0.892489092  0.896819078
  0.00800000038  0.960900326  0.961024613  0.860843627  0.857880399
  0.834913917  0.944673102  0.895814909  0.900125322
  0.0085000004  0.962824309  0.962947756  0.863337114  0.860327608  0.837058898
  0.9490193  0.899311852  0.903533884
  0.00900000043  0.964755102  0.964877668  0.864419218  0.861340126
  0.837629492  0.952926648  0.902531592  0.905391735
  0.00950000045  0.966614171  0.966735626  0.865067942  0.861910493
  0.837700422  0.956825842  0.905755341  0.906785003
  0.00999999978  0.968397429  0.968517582  0.865693363  0.862459366
  0.837740482  0.960812189  0.909041784  0.908077763
  0.0149999997  0.984718481  0.984820646  0.882475543  0.879194608  0.851584163
  0.995981508  0.936788551  0.924004928
  0.0199999996  0.998811995  0.998889643  0.91161269  0.909074944  0.881652617
  1.02650558  0.957692733  0.951214123
  0.0249999994  1.01141853  1.01146934  0.929134088  0.927242321  0.89999852
  1.05236886  0.975482781  0.968973491
  0.0299999993  1.02209849  1.02212097  0.941208121  0.939901832  0.91325259
  1.07487928  0.994005357  0.980127829
  0.0349999992  1.03137384  1.03136877  0.953661693  0.952970627  0.928060698
  1.09193861  1.01642473  0.99029736
  0.0399999991  1.03932001  1.03928953  0.965881902  0.965787568  0.943580503
  1.1033534  1.03646598  1.00019592
  0.044999999  1.04598256  1.04592952  0.975814116  0.976208497  0.957208952
  1.11026017  1.05377256  1.00818675
  0.0499999989  1.05146462  1.05139106  0.984176893  0.984927859  0.969522679
  1.11393978  1.06896007  1.01489708
  0.0549999988  1.05595118  1.05585761  0.991534744  0.99254174  0.981029165
  1.11522725  1.08271489  1.02075893
  0.0599999987  1.05947159  1.05936079  0.997719944  0.998850211  0.991368569
  1.11377226  1.09446906  1.02573879
  0.0649999985  1.06198724  1.06186298  1.00219909  1.00334262  0.999507176
  1.10962974  1.10373832  1.02947644
  0.0699999984  1.06410097  1.06396234  1.00629355  1.00741977  1.00735825
  1.10396622  1.11268581  1.03284678
  0.0749999983  1.06506607  1.06491865  1.00823389  1.00925273  1.01165386
  1.0961448  1.11825465  1.03444808
  0.0799999982  1.06588  1.06572328  1.01008094  1.01098044  1.01593563
  1.08705808  1.12394376  1.0358972
  0.0849999981  1.06648759  1.0663224  1.0104928  1.01127662  1.01733221
  1.07800027  1.12696298  1.03678279
  0.089999998  1.06702675  1.06685275  1.01048876  1.01114815  1.01792292
  1.06812832  1.12935421  1.03752555
  0.0949999979  1.06711806  1.06693569  1.01023689  1.01080396  1.017944
  1.05879729  1.13091427  1.0380263
  0.100000001  1.06642138  1.06623375  1.00948267  1.01003265  1.01673417
  1.05205237  1.13053313  1.03804969
  0.150000002  1.05193627  1.0517308  1.00249395  1.0026963  1.00457686
  1.01349206  1.08732433  1.0360507
  0.200000003  1.0369992  1.03677817  0.999777523  0.999759087  0.99958494
  0.998722714  1.01152994  1.03200426
  0.250000004  1.02033741  1.02010717  0.999587604  0.999560223  0.999241689
  0.997630139  0.99553096  1.02315613
  0.300000004  0.999082163  0.998866107  0.999531368  0.999512885  0.99915994
  0.997392157  0.993506313  1.00753979
  0.350000005  0.97480931  0.974597749  0.999483997  0.999476233  0.999103757
  0.997282993  0.991668134  0.986434141
  0.400000006  0.949104366  0.948912238  0.99944344  0.99944664  0.999068397
  0.997279077  0.990039059  0.961853691
  0.450000007  0.923380257  0.923224591  0.999412048  0.999425516  0.999056465
  0.99737969  0.988719302  0.935633062
  0.500000007  0.898946789  0.898838994  0.999397512  0.999419486  0.999076774
  0.997596068  0.987812753  0.909611973
  0.550000008  0.87701615  0.876953119  0.999410331  0.999437923  0.999138249
  0.997938358  0.987433709  0.885231545
  0.600000009  0.859499811  0.859470075  0.999459167  0.999488525  0.999240629
  0.998382729  0.987695568  0.8647807
  0.65000001  0.846994642  0.84701751  0.999567298  0.999594142  0.999409651
  0.998975489  0.988704661  0.848643614
  0.70000001  0.841916487  0.842008823  0.999908093  0.999914399  0.999879967
  0.999859189  0.990776677  0.838646512
  0.750000011  0.851401279  0.851592053  1.00085993  1.00085992  1.00085997
  1.00085997  0.994600369  0.837290152
  0.800000012  0.917590359  0.917882208  1.00142207  1.00142206  1.00142208
  1.00142208  1.00047474  0.894229102
  0.850000013  1.05122507  1.05162309  1.00087993  1.00087993  1.00087993
  1.00087993  1.00726752  1.02722287
  0.900000013  1.25396312  1.25428787  0.995532485  0.995532483  0.995532491
  0.995532491  1.01386055  1.23650748
  0.950000014  1.53470594  1.53478125  0.966725285  0.966725258  0.966725354
  0.966725354  1.01840698  1.52916107
  64.
  9.99999975E-06  0.900979083  0.901025329  0.687743202  0.687691697
  0.685582982  0.695365766  0.699352642  0.701399271
  1.49999996E-05  0.901916543  0.901968202  0.698227327  0.698169733
  0.695728908  0.706209463  0.709261444  0.712173272
  1.99999995E-05  0.902677932  0.902733855  0.705095466  0.705034007
  0.702350892  0.714376507  0.716699782  0.719690409
  2.49999994E-05  0.903327332  0.903386853  0.710189137  0.710122327
  0.707258387  0.720860144  0.722657834  0.725327961
  2.99999992E-05  0.903896666  0.903959175  0.71475149  0.714674906
  0.711647883  0.726189677  0.727601447  0.730040498
  3.49999991E-05  0.904409104  0.904474187  0.719400545  0.719309876
  0.716129939  0.730828505  0.731916347  0.73461152
  3.9999999E-05  0.904876193  0.904943652  0.723762189  0.723656055
  0.720330411  0.734875281  0.735650427  0.738856908
  4.49999989E-05  0.905308166  0.90537774  0.72758934  0.727470038  0.724019671
  0.738508914  0.738969262  0.742649446
  4.99999987E-05  0.905710331  0.905781778  0.730929735  0.73080096
  0.727244722  0.741880668  0.742005458  0.746045805
  5.49999986E-05  0.906087101  0.906160254  0.733804735  0.733670854
  0.730020711  0.745027621  0.744781109  0.749048385
  5.99999985E-05  0.906445427  0.906520354  0.736263275  0.736125746
  0.732384999  0.747801459  0.747209801  0.751611184
  6.49999984E-05  0.906780795  0.906857392  0.738679063  0.738537822
  0.734710634  0.750524289  0.749600169  0.754127537
  6.99999982E-05  0.907105574  0.90718378  0.740903477  0.740757723
  0.736855608  0.752921798  0.75173301  0.756419025
  7.49999981E-05  0.907412176  0.907491866  0.74309053  0.742939211
  0.738967312  0.755291932  0.753832932  0.758673286
  7.9999998E-05  0.907709595  0.907790683  0.745029396  0.744869974
  0.740838858  0.757405497  0.75567774  0.760661293
  8.49999979E-05  0.907989977  0.908072357  0.747011017  0.746843383
  0.74275468  0.759573903  0.757575734  0.762697
  8.99999977E-05  0.908267493  0.90835114  0.7487253  0.748550931  0.744405329
  0.761424985  0.759244188  0.764434401
  9.49999976E-05  0.908530176  0.908614998  0.750490513  0.750309249
  0.746108023  0.763339523  0.760971415  0.766227849
  9.99999975E-05  0.908786888  0.908872861  0.752146406  0.751960451
  0.747704878  0.765122713  0.762621785  0.767921748
  0.000149999996  0.910997851  0.911093358  0.764467047  0.764224028
  0.75949381  0.779497161  0.775972466  0.781061378
  0.000199999995  0.912791041  0.912893801  0.772203192  0.771879674
  0.766812879  0.789891847  0.785408338  0.789667913
  0.000249999994  0.914331956  0.914440752  0.77867767  0.778301315
  0.772956379  0.798109824  0.793043604  0.796685938
  0.000299999992  0.915684828  0.915798759  0.784163649  0.78375064
  0.778148402  0.805043847  0.799465399  0.802684655
  0.000349999991  0.916918976  0.917037315  0.788509862  0.788063189
  0.782252936  0.810911247  0.804755561  0.807580419
  0.00039999999  0.918046561  0.918168766  0.792295227  0.791809932  0.78581856
  0.816142968  0.809357665  0.811881959
  0.000449999989  0.919090774  0.919216545  0.795703672  0.795174603
  0.789020213  0.820802948  0.813442034  0.815793394
  0.000499999987  0.920077984  0.920207036  0.798357736  0.797790734
  0.791499009  0.824944495  0.817178563  0.818963235
  0.000549999986  0.921002265  0.921134292  0.800678512  0.800078571
  0.793656793  0.828805556  0.820716118  0.821692253
  0.000599999985  0.921867625  0.922002364  0.802781755  0.802152721
  0.795604528  0.832488757  0.824132791  0.824104744
  0.000649999984  0.922709477  0.922846761  0.805350244  0.804691639
  0.798021637  0.835636507  0.827014866  0.826824787
  0.000699999982  0.923497835  0.923637466  0.807956038  0.807267284
  0.800484582  0.838834615  0.829933882  0.829590639
  0.000749999981  0.924270467  0.924412333  0.810163614  0.809446105
  0.802562371  0.841631272  0.832442198  0.831947448
  0.00079999998  0.924996069  0.925140007  0.812436755  0.811689742
  0.804710947  0.844525282  0.835037588  0.834388362
  0.000849999979  0.925711882  0.925857773  0.814512364  0.813736949
  0.80665918  0.846959087  0.837229173  0.836662701
  0.000899999977  0.926386857  0.926534574  0.816657227  0.815852675
  0.808681838  0.849500481  0.839517359  0.839022031
  0.000949999976  0.927051871  0.92720133  0.818254751  0.817422678
  0.810164851  0.851794204  0.841544603  0.840855086
  0.00100000005  0.927695747  0.927846862  0.819601483  0.818742353  0.81140052
  0.854004147  0.843476116  0.842452442
  0.00150000007  0.933279536  0.933443557  0.831568894  0.830465194  0.82246817
  0.872429881  0.859614766  0.856152405
  0.00200000009  0.937863043  0.938035604  0.840803768  0.839503111
  0.831033436  0.886062  0.871771823  0.866710943
  0.00250000012  0.941818517  0.94199696  0.847031937  0.845571176  0.836670593
  0.89705921  0.881606835  0.87416857
  0.00300000014  0.94536369  0.945546223  0.852355704  0.850757421  0.841483554
  0.906078857  0.889754291  0.880151372
  0.00350000017  0.948580418  0.94876574  0.858007364  0.856285219  0.846688194
  0.913898998  0.89689841  0.886170221
  0.00400000019  0.951553312  0.951740464  0.863148855  0.861325949
  0.851434514  0.920782954  0.903167976  0.891763715
  0.00450000021  0.954322896  0.954511046  0.867256718  0.865351143
  0.855159181  0.926998447  0.908719428  0.896395037
  0.00500000024  0.956914931  0.957103392  0.87064212  0.868660678  0.858171306
  0.932799802  0.913787246  0.900297168
  0.00550000026  0.959393705  0.959581956  0.873785268  0.871724254
  0.860980453  0.938048572  0.918268465  0.903925771
  0.00600000028  0.961757006  0.961944591  0.876709702  0.874585422
  0.863579518  0.942942634  0.922377268  0.907336242
  0.00650000031  0.963976419  0.964162875  0.879592944  0.877413068
  0.866148491  0.947836224  0.926436295  0.910720054
  0.00700000033  0.966168962  0.966353995  0.881923516  0.879705239
  0.868166121  0.951994263  0.929823815  0.913510104
  0.00750000036  0.968213534  0.968396745  0.884334443  0.882077941
  0.870275828  0.956417701  0.93340767  0.916403847
  0.00800000038  0.970259471  0.970440719  0.886395161  0.884099314
  0.872074582  0.960173952  0.936364011  0.919064043
  0.0085000004  0.972180155  0.97235909  0.888539638  0.886204118  0.873967156
  0.964181768  0.939503039  0.921832503
  0.00900000043  0.974090014  0.974266536  0.889791547  0.887407005
  0.874914817  0.967768028  0.9423368  0.923657721
  0.00950000045  0.975926871  0.976100684  0.890782563  0.888345035
  0.875578864  0.971350603  0.945168615  0.925218069
  0.00999999978  0.977688067  0.977858974  0.891789963  0.889301737  0.87625941
  0.975015375  0.94805428  0.926754448
  0.0149999997  0.993516018  0.993651294  0.909703551  0.907281698  0.892392367
  1.0062229  0.971522632  0.94463394
  0.0199999996  1.00679866  1.00689075  0.934184098  0.932377834  0.91704553
  1.03237423  0.989591828  0.967509926
  0.0249999994  1.018292  1.01833883  0.949454544  0.948200424  0.932949891
  1.05402068  1.0053007  0.982786661
  0.0299999993  1.02787732  1.02787888  0.960842209  0.960109528  0.945529616
  1.07254437  1.021299  0.99369396
  0.0349999992  1.03602455  1.03598295  0.972046864  0.971846497  0.958696984
  1.08638689  1.03796806  1.00353538
  0.0399999991  1.04284462  1.04276347  0.982423242  0.982718039  0.971614367
  1.09554764  1.05226064  1.01240824
  0.044999999  1.04842151  1.04830517  0.990691408  0.991378702  0.982695516
  1.10096691  1.06418668  1.01943834
  0.0499999989  1.05289394  1.05274599  0.997497478  0.998464576  0.992461593
  1.10370037  1.07431494  1.02519009
  0.0549999988  1.05647624  1.05629883  1.00333767  1.00450123  1.00136614
  1.10444074  1.08322033  1.03006322
  0.0599999987  1.05919436  1.05899165  1.00801805  1.0092688  1.00902998
  1.10290251  1.0904431  1.03397797
  0.0649999985  1.0610186  1.06079537  1.01117853  1.01242983  1.01471431
  1.09931211  1.0957166  1.03669845
  0.0699999984  1.06250835  1.06226503  1.01396034  1.0151845  1.02005709
  1.09447689  1.1006359  1.03906403
  0.0749999983  1.0630568  1.06279938  1.01493985  1.01607319  1.02247944
  1.08821803  1.10305828  1.03998668
  0.0799999982  1.06349489  1.06322373  1.01579503  1.01682414  1.02480582
  1.0809177  1.10544111  1.04078327
  0.0849999981  1.06362596  1.06334192  1.01554951  1.01648413  1.02498231
  1.07381047  1.10597267  1.04103979
  0.089999998  1.06367572  1.06337937  1.01494175  1.01577424  1.02448513
  1.06607258  1.10595321  1.04114883
  0.0949999979  1.06336711  1.06305977  1.01414399  1.01489405  1.02356372
  1.0585912  1.10530364  1.04106561
  0.100000001  1.06240798  1.06209323  1.01302176  1.01374376  1.02182711
  1.05290239  1.10335731  1.04060921
  0.150000002  1.04726778  1.04692712  1.00300127  1.00322857  1.00523291
  1.01273197  1.05740468  1.03416846
  0.200000003  1.03177139  1.03140665  0.999331906  0.999281116  0.998817719
  0.996993556  1.0030998  1.02727131
  0.250000004  1.01425314  1.01387645  0.998970179  0.998909208  0.99819699
  0.995325934  0.991325349  1.01671269
  0.300000004  0.992536438  0.992180491  0.998798258  0.998757395  0.997944264
  0.994676282  0.987738677  0.999917703
  0.350000005  0.968370852  0.968034021  0.998651768  0.998636191  0.997760674
  0.994297099  0.984461431  0.978435072
  0.400000006  0.943161444  0.942864811  0.998523891  0.998534957  0.997632266
  0.994142577  0.981509999  0.95412824
  0.450000007  0.918227755  0.917991761  0.998421822  0.998458317  0.997567393
  0.994225096  0.979063982  0.928724346
  0.500000007  0.894781072  0.894618906  0.998364346  0.998422227  0.997586253
  0.994574765  0.977319908  0.903876592
  0.550000008  0.874057309  0.873968093  0.998375434  0.998447778  0.997706742
  0.995215398  0.976525801  0.881019255
  0.600000009  0.857917724  0.857892991  0.998479866  0.99855736  0.997933989
  0.996121494  0.976928398  0.862280906
  0.65000001  0.847112477  0.847175273  0.998731193  0.998803517  0.998328885
  0.997395417  0.978809231  0.848238181
  0.70000001  0.84449117  0.844667318  0.999479298  0.999509356  0.999354487
  0.999273276  0.982905278  0.841095925
  0.750000011  0.859156885  0.859484731  1.0015673  1.00156728  1.00156734
  1.00156734  0.990709474  0.846681285
  0.800000012  0.929514599  0.929964182  1.00324801  1.003248  1.00324802
  1.00324802  1.00271393  0.909743162
  0.850000013  1.06338602  1.0639124  1.00310876  1.00310876  1.00310876
  1.00310876  1.01699913  1.0432142
  0.900000013  1.26301386  1.26341299  0.995756882  0.99575688  0.995756888
  0.995756888  1.03179508  1.24822449
  0.950000014  1.53778809  1.53788602  0.933941589  0.93394152  0.933941763
  0.933941763  1.04331805  1.53292638
  256.
  9.99999975E-06  0.903182953  0.903247278  0.720323101  0.720287961
  0.719229008  0.727080162  0.74585791  0.731599922
  1.49999996E-05  0.904344724  0.904416214  0.729826411  0.729786202
  0.728540664  0.737128122  0.755278619  0.741334905
  1.99999995E-05  0.905275853  0.90535293  0.736323768  0.736279556
  0.734901061  0.744633123  0.762248649  0.748252778
  2.49999994E-05  0.906063325  0.906145052  0.741328081  0.741278651
  0.739800832  0.750594779  0.767791814  0.753595049
  2.99999992E-05  0.906750075  0.906835673  0.745718336  0.745660966
  0.744090533  0.755514166  0.77238279  0.758091433
  3.49999991E-05  0.907364777  0.907453719  0.749916855  0.749849275
  0.748188331  0.759789217  0.776356188  0.762257998
  3.9999999E-05  0.907922874  0.908014868  0.753726334  0.753648198
  0.751900794  0.763523188  0.779805894  0.766012297
  4.49999989E-05  0.90843702  0.90853174  0.757071604  0.756984586  0.7551636
  0.766873316  0.782874067  0.769350775
  4.99999987E-05  0.908913959  0.909011111  0.760037099  0.759943434
  0.758060382  0.769970059  0.785680389  0.772362097
  5.49999986E-05  0.909359329  0.909458726  0.762651384  0.762553505
  0.760615973  0.772842667  0.788251453  0.77506305
  5.99999985E-05  0.909781672  0.909883328  0.764912655  0.764811276
  0.762821904  0.775368719  0.79050313  0.777397228
  6.49999984E-05  0.91017648  0.910280258  0.767138499  0.767033498
  0.764994992  0.777855278  0.792723825  0.779694823
  6.99999982E-05  0.910557263  0.910663053  0.76915206  0.76904287  0.766961304
  0.780047044  0.79468579  0.781757295
  7.49999981E-05  0.910916347  0.911024009  0.771137787  0.771023848
  0.768902248  0.782218033  0.796629438  0.783793752
  7.9999998E-05  0.911263645  0.911373074  0.772895978  0.772776033
  0.770619859  0.784149744  0.798349491  0.785593051
  8.49999979E-05  0.911591041  0.911702112  0.774699367  0.774573312
  0.772383795  0.786137601  0.800124955  0.787442378
  8.99999977E-05  0.911913755  0.912026407  0.776239975  0.776108922
  0.773885786  0.787825328  0.801649913  0.789014676
  9.49999976E-05  0.912219299  0.912333445  0.777832759  0.777696563
  0.775440815  0.789576333  0.803235449  0.790643749
  9.99999975E-05  0.912516886  0.912632479  0.779314476  0.779174255
  0.776886496  0.791204435  0.804720764  0.792167007
  0.000149999996  0.915061726  0.915189222  0.790524569  0.790336101
  0.787779393  0.80433399  0.816656034  0.804046788
  0.000199999995  0.917102364  0.917238841  0.797924256  0.797676636
  0.794938761  0.813859328  0.825211193  0.812126292
  0.000249999994  0.918840301  0.918984146  0.803973457  0.803685405
  0.800793758  0.821398718  0.832033124  0.818644511
  0.000299999992  0.920357322  0.92050736  0.809053666  0.80873492  0.80570238
  0.827783912  0.837782547  0.824162229
  0.000349999991  0.921731435  0.921886775  0.81314804  0.812800239
  0.809657619  0.833179208  0.842549315  0.828699778
  0.00039999999  0.92298114  0.923141108  0.816728433  0.81634862  0.81311215
  0.837993454  0.846752912  0.832697408
  0.000449999989  0.924134312  0.924298505  0.819905435  0.819491324
  0.816171337  0.842286002  0.850502988  0.836272215
  0.000499999987  0.925218308  0.925386344  0.822503313  0.822059222
  0.818672554  0.846095883  0.853869848  0.839269974
  0.000549999986  0.926230394  0.9264019  0.824861587  0.824390517  0.820941821
  0.849653765  0.857033697  0.841969602
  0.000599999985  0.927176419  0.92735107  0.827072967  0.826577097
  0.823069273  0.853055851  0.860074918  0.844470132
  0.000649999984  0.928091775  0.928269364  0.829408968  0.828888458
  0.825312663  0.85595813  0.862640267  0.84696037
  0.000699999982  0.92894848  0.929128757  0.831782211  0.831236473
  0.827599306  0.858915502  0.865252895  0.849496738
  0.000749999981  0.929783567  0.929966383  0.833803176  0.833233512
  0.829540407  0.861488116  0.867494587  0.851672717
  0.00079999998  0.930567993  0.930753144  0.835887749  0.835293437
  0.831549635  0.864159825  0.869826315  0.853927456
  0.000849999979  0.931338426  0.931525782  0.837695703  0.837078017
  0.833277838  0.866403766  0.87177835  0.855904397
  0.000899999977  0.932065421  0.932254819  0.839573814  0.838932004
  0.835080327  0.868755513  0.873827819  0.857965305
  0.000949999976  0.932778684  0.932970023  0.84106235  0.840397857
  0.836501852  0.870873648  0.875652708  0.859654858
  0.00100000005  0.933468156  0.933661325  0.842378747  0.841691969
  0.837755866  0.872914189  0.877399623  0.861186012
  0.00150000007  0.939398808  0.939605805  0.853775939  0.852887611
  0.848631727  0.88989516  0.891915816  0.874157407
  0.00200000009  0.944206922  0.944422469  0.862292854  0.861241647
  0.856747229  0.902488269  0.902742797  0.883890766
  0.00250000012  0.948320067  0.948541016  0.868341189  0.867156205
  0.862454011  0.91266925  0.911491077  0.891060825
  0.00300000014  0.951977057  0.952201311  0.873522309  0.872222424
  0.867324344  0.921026643  0.918691259  0.89694646
  0.00350000017  0.955276741  0.955502801  0.878676989  0.877274775
  0.872183636  0.928301608  0.924975358  0.902566249
  0.00400000019  0.958309774  0.958536527  0.883258677  0.881772342
  0.876495973  0.934724765  0.93047953  0.907634213
  0.00450000021  0.961122783  0.961349293  0.887009632  0.885452751
  0.879992215  0.940534637  0.935378151  0.911919834
  0.00500000024  0.963746392  0.963971885  0.890205402  0.888583749
  0.882945821  0.945960554  0.939876652  0.915653459
  0.00550000026  0.966243116  0.966467019  0.893132005  0.89144644  0.88564783
  0.950846723  0.943845865  0.919070988
  0.00600000028  0.968614318  0.96883613  0.895835844  0.894098833  0.888130113
  0.955400574  0.947494942  0.922252142
  0.00650000031  0.970839776  0.971058993  0.898500385  0.896717681
  0.890581209  0.959963401  0.951119312  0.925402476
  0.00700000033  0.973022078  0.973238379  0.900664328  0.898848726
  0.892530652  0.963831478  0.954140266  0.92801294
  0.00750000036  0.975060831  0.975273814  0.902918876  0.901070317  0.8945825
  0.967966758  0.957362769  0.930739073
  0.00800000038  0.977085052  0.977294534  0.904786601  0.902905767  0.89626508
  0.971458319  0.960029748  0.933107242
  0.0085000004  0.978989227  0.97919487  0.906743029  0.904829506  0.898045977
  0.975200314  0.962882627  0.935588311
  0.00900000043  0.980869592  0.981071237  0.908070436  0.906121222
  0.899176456  0.978531877  0.965421987  0.937409678
  0.00950000045  0.982676752  0.982874154  0.909227542  0.907240999
  0.900128166  0.981861378  0.967956173  0.939063139
  0.00999999978  0.984409168  0.984602101  0.910419177  0.908397721
  0.901116948  0.985271583  0.970543257  0.940725112
  0.0149999997  0.999757915  0.999899723  0.928288711  0.926393558  0.917766456
  1.01374413  0.99117456  0.958988998
  0.0199999996  1.01235027  1.01243422  0.949641628  0.948286711  0.939094973
  1.03706694  1.00713979  0.979156576
  0.0249999994  1.02297065  1.02299606  0.96326628  0.962403999  0.95329723
  1.05593163  1.02089069  0.992908974
  0.0299999993  1.03171063  1.03167906  0.973829458  0.973440937  0.964990377
  1.07175195  1.03439981  1.00333386
  0.0349999992  1.0390041  1.03891903  0.983883041  0.983966444  0.976730113
  1.08331947  1.04731542  1.01254288
  0.0399999991  1.04498695  1.04485335  0.992832195  0.993340529  0.987764275
  1.09076384  1.05798018  1.02045762
  0.044999999  1.04976947  1.04959294  0.999827058  1.00066293  0.997037373
  1.09493169  1.06655584  1.02659809
  0.0499999989  1.0535142  1.05329945  1.00545911  1.00652317  1.00503143
  1.0967547  1.07356883  1.03149102
  0.0549999988  1.05644809  1.05619836  1.01017506  1.0113951  1.01216056
  1.09683197  1.07950651  1.03551668
  0.0599999987  1.05859363  1.05831393  1.01377862  1.01506088  1.01805604
  1.09493798  1.08400072  1.03857996
  0.0649999985  1.05993126  1.05962699  1.01602529  1.01729845  1.02217136
  1.09138705  1.08692598  1.04053495
  0.0699999984  1.06098048  1.06065287  1.01790032  1.01913853  1.0259154
  1.08673306  1.08946779  1.04215192
  0.0749999983  1.06121448  1.06086954  1.01825017  1.01940617  1.02720498
  1.08110541  1.0901256  1.04255364
  0.0799999982  1.0613623  1.06100098  1.0184503  1.01950974  1.02834025
  1.07453343  1.09062696  1.04283796
  0.0849999981  1.06116541  1.06078888  1.01779002  1.01876532  1.02780524
  1.06828516  1.08981411  1.04264092
  0.089999998  1.06088272  1.06049217  1.01680576  1.01768971  1.02668223
  1.0615017  1.08850048  1.04229907
  0.0949999979  1.06030259  1.05989981  1.01567133  1.01647655  1.02522451
  1.05486277  1.08668735  1.04180114
  0.100000001  1.0591702  1.05875884  1.01434276  1.01511207  1.02322336
  1.04970604  1.08402141  1.04101539
  0.150000002  1.04352903  1.04308531  1.00285282  1.00305783  1.00480601
  1.01052004  1.03936197  1.03190439
  0.200000003  1.02755059  1.02707683  0.998816394  0.998732518  0.99797623
  0.995369017  0.997526077  1.02339749
  0.250000004  1.00939541  1.00890983  0.998308326  0.998216827  0.997133239
  0.993299367  0.987356023  1.01166229
  0.300000004  0.987367062  0.986909218  0.998012862  0.997952982  0.996704686
  0.992281613  0.982437224  0.994074886
  0.350000005  0.963330755  0.962904523  0.997761799  0.997741524  0.996390626
  0.991653835  0.977925971  0.972394045
  0.400000006  0.938546771  0.938177366  0.997542459  0.997564033  0.996166582
  0.991349803  0.97381583  0.948356931
  0.450000007  0.914261052  0.913971147  0.997367356  0.997428852  0.996046833
  0.991396317  0.970352604  0.92360526
  0.500000007  0.891617518  0.891421661  0.99726588  0.997360855  0.996061682
  0.991842459  0.967818984  0.899671576
  0.550000008  0.871874775  0.87177379  0.997275477  0.997392948  0.996237696
  0.992728141  0.966600614  0.877997522
  0.600000009  0.856870842  0.856858922  0.997436442  0.997561752  0.996586564
  0.994032  0.96709297  0.860629445
  0.65000001  0.847483036  0.847586445  0.99783767  0.997953856  0.997214427
  0.995913468  0.969788748  0.848288298
  0.70000001  0.846952652  0.84720385  0.999010764  0.999061222  0.998810165
  0.998689503  0.975912436  0.843590699
  0.750000011  0.865712161  0.866151224  1.00219052  1.0021905  1.00219057
  1.00219057  0.987844499  0.854551372
  0.800000012  0.939142392  0.939713001  1.00504207  1.00504207  1.00504207
  1.00504207  1.00627306  0.921996919
  0.850000013  1.07305132  1.07367405  1.00575221  1.0057522  1.0057522
  1.0057522  1.02879145  1.05565304
  0.900000013  1.2701776  1.2706324  0.99836118  0.99836118  0.998361182
  0.998361182  1.05342477  1.25734462
  0.950000014  1.54025581  1.54037124  0.921235904  0.921235821  0.921236116
  0.921236116  1.0746115  1.53592745
  1024.
  9.99999975E-06  0.905088345  0.905168401  0.745650228  0.745624072
  0.745051176  0.75151452  0.777610177  0.754853907
  1.49999996E-05  0.906432845  0.906521457  0.754487407  0.754456884
  0.753773423  0.760937942  0.786587927  0.763903614
  1.99999995E-05  0.907501151  0.907596373  0.760662188  0.760627848
  0.759867304  0.767940312  0.793183535  0.770394292
  2.49999994E-05  0.908399592  0.908500264  0.765492512  0.765453367
  0.764635091  0.773502087  0.798410278  0.775470025
  2.99999992E-05  0.909180482  0.909285701  0.769673673  0.769627926
  0.768754047  0.778099894  0.802731397  0.779741648
  3.49999991E-05  0.909876809  0.909985955  0.773540761  0.773487106
  0.772557351  0.782090891  0.806459579  0.783607186
  3.9999999E-05  0.910507435  0.910620145  0.776992047  0.776930512
  0.775947623  0.785579055  0.809700322  0.787042509
  4.49999989E-05  0.911086823  0.911202718  0.78002726  0.779959105
  0.778931531  0.788705949  0.812582592  0.790093252
  4.99999987E-05  0.911622961  0.911741715  0.782741853  0.782668559
  0.781603741  0.791590169  0.815218849  0.792856675
  5.49999986E-05  0.912122608  0.912244007  0.785165683  0.785088749
  0.783991631  0.794257777  0.817636103  0.795354536
  5.99999985E-05  0.912595515  0.912719524  0.787271696  0.787191527
  0.786063835  0.79659997  0.819749996  0.797524371
  6.49999984E-05  0.913037245  0.913163698  0.789347512  0.789263973
  0.788107631  0.79891012  0.821838672  0.799663985
  6.99999982E-05  0.913461995  0.913590765  0.791205321  0.791118021
  0.789936412  0.800944541  0.823674309  0.80156877
  7.49999981E-05  0.913862308  0.913993216  0.793041457  0.792950043
  0.791745183  0.802962966  0.825498147  0.803454154
  7.9999998E-05  0.914248706  0.914381628  0.794664295  0.794568098
  0.793342951  0.804755265  0.827111185  0.805119804
  8.49999979E-05  0.91461296  0.914747777  0.796333681  0.796232588
  0.794988236  0.806604334  0.82878108  0.806836532
  8.99999977E-05  0.914970943  0.915107572  0.797747501  0.79764236
  0.796377998  0.808167235  0.830195147  0.808288366
  9.49999976E-05  0.915309966  0.915448316  0.799213827  0.799104506
  0.797821038  0.809792911  0.831670519  0.809796955
  9.99999975E-05  0.915639405  0.915779395  0.800572302  0.800459442
  0.799157145  0.811302854  0.833042716  0.811200407
  0.000149999996  0.918443074  0.918596602  0.810969807  0.810815448
  0.809361503  0.823489483  0.844056188  0.822203948
  0.000199999995  0.920673738  0.920837377  0.818015682  0.817814646
  0.81626519  0.832348265  0.851987932  0.829837795
  0.000249999994  0.922561642  0.922733486  0.823699813  0.823465721
  0.821833567  0.839364838  0.858268511  0.835952724
  0.000299999992  0.924203118  0.924381793  0.828461716  0.828201022
  0.826494743  0.84532426  0.863575064  0.841115759
  0.000349999991  0.92568246  0.925866945  0.832333348  0.832047102
  0.830286118  0.850354749  0.867986906  0.845379714
  0.00039999999  0.927023648  0.927213195  0.83572712  0.835413472  0.833608047
  0.854846147  0.87189783  0.849143639
  0.000449999989  0.928258059  0.928452172  0.838722594  0.838380542
  0.836536896  0.858852297  0.875385613  0.852489083
  0.000499999987  0.929413709  0.929611943  0.841233665  0.840866548
  0.838994811  0.862403607  0.878487208  0.855343335
  0.000549999986  0.930490631  0.930692569  0.843548886  0.843158673
  0.841261305  0.865724624  0.881394802  0.857962008
  0.000599999985  0.931496163  0.931701437  0.845749074  0.845337128
  0.843415939  0.868906269  0.884187133  0.860431858
  0.000649999984  0.932465236  0.932673608  0.847909655  0.847476449
  0.845519787  0.871615662  0.886538307  0.862752243
  0.000699999982  0.933371932  0.933583121  0.850108034  0.849652984
  0.847666307  0.874383511  0.888942718  0.865119359
  0.000749999981  0.934252247  0.934466073  0.851980122  0.851504456
  0.849489433  0.876782507  0.89100009  0.867150219
  0.00079999998  0.935079397  0.93529564  0.853916061  0.853419071  0.851380679
  0.879281499  0.89314953  0.869258719
  0.000849999979  0.935889188  0.936107702  0.85555332  0.855036351
  0.852968932  0.881377177  0.894939882  0.871057456
  0.000899999977  0.936653808  0.936874411  0.857261084  0.856723399
  0.854631489  0.883580202  0.896827959  0.872939627
  0.000949999976  0.93740162  0.937624198  0.858661926  0.858104818
  0.855993604  0.885560575  0.898509218  0.874526455
  0.00100000005  0.938123636  0.938348066  0.859932045  0.859355856
  0.857228919  0.88746801  0.900120879  0.875992944
  0.00150000007  0.944298212  0.944536144  0.870759678  0.870010863
  0.867758473  0.903329912  0.913468794  0.888320049
  0.00200000009  0.949259073  0.949504696  0.878715222  0.877826617
  0.875479414  0.915110277  0.923362302  0.897449631
  0.00250000012  0.953475644  0.953725547  0.884538507  0.883534324
  0.881107107  0.924647986  0.931340262  0.904340045
  0.00300000014  0.957202358  0.9574543  0.88951017  0.888406907  0.88588673
  0.93248187  0.937875347  0.910037163
  0.00350000017  0.960550907  0.960803303  0.894274715  0.893083944
  0.890455996  0.939319313  0.943564976  0.915325561
  0.00400000019  0.963616148  0.963867814  0.898457458  0.897194282
  0.894456994  0.945367223  0.948545401  0.920026539
  0.00450000021  0.966449519  0.966699494  0.90193848  0.900613905  0.897768337
  0.950844394  0.95298975  0.924056126
  0.00500000024  0.969085322  0.969332836  0.90496357  0.903582794  0.900634098
  0.955962672  0.957083097  0.927631131
  0.00550000026  0.971583818  0.971828253  0.90770843  0.906274403  0.903225441
  0.96055799  0.960687099  0.930872232
  0.00600000028  0.973949533  0.974190388  0.910235771  0.908758609
  0.905599417  0.964839976  0.964004826  0.933876118
  0.00650000031  0.976168991  0.976405772  0.912728423  0.911212742
  0.907945442  0.96913831  0.967312706  0.936851637
  0.00700000033  0.978332685  0.978565085  0.914758611  0.913214793
  0.909824734  0.972772045  0.970061032  0.939321509
  0.00750000036  0.980357286  0.980584903  0.916886066  0.915313981
  0.911813345  0.97667247  0.973011504  0.941915019
  0.00800000038  0.9823543  0.982576956  0.918626458  0.917028016  0.913420993
  0.979947153  0.975441785  0.944111012
  0.0085000004  0.984236205  0.984453569  0.920459086  0.918833916  0.915130701
  0.98346988  0.978057037  0.94642368
  0.00900000043  0.986084203  0.986296135  0.921813927  0.920162262
  0.916350697  0.986592081  0.980360604  0.948228082
  0.00950000045  0.987859334  0.988065589  0.923051789  0.921373273
  0.917450732  0.989713021  0.982657399  0.949917998
  0.00999999978  0.989560898  0.989761273  0.924333349  0.922630392
  0.918597874  0.99291383  0.985006981  0.951632502
  0.0149999997  1.0044587  1.00459461  0.941737865  0.940196128  0.935101408
  1.01927062  1.00348049  0.969666423
  0.0199999996  1.01645283  1.01651911  0.960801208  0.959749411  0.954096218
  1.04047751  1.01770832  0.98790114
  0.0249999994  1.02635887  1.02635656  0.973138983  0.972537699  0.966983708
  1.05726596  1.02971524  1.00048762
  0.0299999993  1.03441534  1.03434747  0.982906369  0.982741579  0.977805641
  1.07107092  1.04110015  1.01029153
  0.0349999992  1.04102984  1.04090121  0.991965296  0.992226214  0.988346421
  1.08092632  1.05134454  1.01876423
  0.0399999991  1.04635666  1.04617339  0.999787204  1.00042128  0.997946047
  1.08704805  1.05949403  1.02579593
  0.044999999  1.05052498  1.05029365  1.00578636  1.00670098  1.00586326
  1.09022474  1.0657821  1.03113332
  0.0499999989  1.05371343  1.05343964  1.01051104  1.01161668  1.01254945
  1.09130342  1.0706949  1.03527481
  0.0549999988  1.05615368  1.05584142  1.01436901  1.01560132  1.01838671
  1.09081296  1.07464798  1.03858217
  0.0599999987  1.05786507  1.05751993  1.01717115  1.01844744  1.02302638
  1.08857854  1.07734902  1.040959
  0.0649999985  1.05883683  1.05846456  1.0187547  1.02001443  1.0260566
  1.08496631  1.07876808  1.04232435
  0.0699999984  1.05955348  1.05915589  1.01997359  1.02119224  1.02869842
  1.08034057  1.07978373  1.04336963
  0.0749999983  1.05954152  1.05912453  1.01988836  1.02102979  1.02924207
  1.07505375  1.07936638  1.04338003
  0.0799999982  1.05945865  1.05902365  1.01963306  1.02068229  1.02958875
  1.06887624  1.07870897  1.04327501
  0.0849999981  1.05902119  1.05856964  1.01869763  1.01966839  1.02860371
  1.06312287  1.07711792  1.04275832
  0.089999998  1.05849691  1.05803045  1.01746728  1.01835257  1.02709185
  1.05689539  1.07506651  1.04210341
  0.0949999979  1.05771924  1.05723992  1.01611547  1.01692354  1.02530571
  1.05075713  1.07260784  1.04132128
  0.100000001  1.05646342  1.05597479  1.01466798  1.01543463  1.0231674
  1.04594893  1.06961575  1.04032398
  0.150000002  1.04041708  1.03989086  1.00245751  1.00262691  1.0040383
  1.00826241  1.02738202  1.02967519
  0.200000003  1.0240252  1.02346484  0.998289435  0.998174994  0.99714624
  0.993896255  0.993315753  1.02018226
  0.250000004  1.00537762  1.00480709  0.997655005  0.997537238  0.996118218
  0.991509394  0.983668408  1.00755689
  0.300000004  0.983131189  0.982595314  0.997242227  0.997167168  0.995527532
  0.990177256  0.977594817  0.989380826
  0.350000005  0.959232708  0.958739324  0.996893279  0.996871019  0.995094679
  0.98933711  0.972014479  0.967583415
  0.400000006  0.934821789  0.934399059  0.996589319  0.996622654  0.994784474
  0.988903819  0.966888918  0.943793236
  0.450000007  0.911084948  0.910757086  0.996348058  0.996434186  0.994616703
  0.98891783  0.962520044  0.919582172
  0.500000007  0.889117868  0.888900499  0.99620846  0.996338592  0.994630354
  0.98944585  0.959269859  0.896398235
  0.550000008  0.87020008  0.870095408  0.996220651  0.996379959  0.994860215
  0.990543906  0.957657465  0.875693799
  0.600000009  0.856159997  0.85616451  0.996439146  0.996608046  0.995325391
  0.992196402  0.958231155  0.859469848
  0.65000001  0.84798534  0.848128035  0.996992054  0.997146706  0.99618414
  0.994617626  0.96170902  0.848567176
  0.70000001  0.849260233  0.849578347  0.998591776  0.998657136  0.998339464
  0.998195881  0.969828005  0.845989262
  0.750000011  0.871351712  0.871883231  1.00278729  1.00278728  1.00278735
  1.00278735  0.985879147  0.861258521
  0.800000012  0.94714091  0.947807974  1.00675094  1.00675094  1.00675094
  1.00675094  1.01075412  0.932000509
  0.850000013  1.08097817  1.08167631  1.008452  1.008452  1.008452  1.008452
  1.04182416  1.06568204
  0.900000013  1.27602989  1.27652811  1.00178838  1.00178837  1.00178838
  1.00178838  1.07733761  1.26469526
  0.950000014  1.54228853  1.54241793  0.920482503  0.920482422  0.920482714
  0.920482714  1.11040552  1.53839151
  4096.
  9.99999975E-06  0.90676702  0.906860952  0.765738012  0.765717387
  0.765397889  0.770845036  0.800833783  0.773330974
  1.49999996E-05  0.90826474  0.908368346  0.774089518  0.774065041
  0.773678382  0.779775822  0.809438739  0.781884505
  1.99999995E-05  0.909447395  0.909558431  0.779997466  0.779969415
  0.779537318  0.786388538  0.815735198  0.788051144
  2.49999994E-05  0.910437955  0.910555071  0.784652241  0.784619818
  0.784153765  0.791639025  0.820714318  0.792902714
  2.99999992E-05  0.911296781  0.911418975  0.78864336  0.78860531  0.788105289
  0.795983164  0.824824788  0.79697821
  3.49999991E-05  0.912060468  0.912187052  0.792261506  0.792217031
  0.791682008  0.799750709  0.82836634  0.800615099
  3.9999999E-05  0.912750828  0.912881374  0.79546096  0.795410243  0.794842171
  0.803044447  0.831445916  0.80382373
  4.49999989E-05  0.913383814  0.913517885  0.798278524  0.798222544
  0.797627217  0.805994687  0.83418424  0.80667214
  4.99999987E-05  0.913968472  0.91410574  0.800812358  0.800752152
  0.800134625  0.808712296  0.836688856  0.809259167
  5.49999986E-05  0.914512563  0.914652782  0.803091817  0.803028386
  0.802391986  0.811221602  0.838985965  0.811608211
  5.99999985E-05  0.915026795  0.915169886  0.80507576  0.805009349
  0.804355088  0.813421978  0.840991084  0.813653134
  6.49999984E-05  0.915506845  0.915652614  0.80703346  0.806963942  0.80629329
  0.815595608  0.842975428  0.815672358
  6.99999982E-05  0.915967386  0.916115685  0.808772916  0.808700018
  0.808014857  0.81750714  0.844713038  0.817460055
  7.49999981E-05  0.916401244  0.916551887  0.810495057  0.810418535
  0.80972035  0.819406271  0.846442772  0.819232753
  7.9999998E-05  0.916819384  0.916972231  0.812014412  0.811933892
  0.811224272  0.821089597  0.847969184  0.820797509
  8.49999979E-05  0.917213594  0.917368509  0.813581165  0.81349653
  0.812776487  0.822830024  0.849553517  0.822413926
  8.99999977E-05  0.917600094  0.917756992  0.814899645  0.814811569
  0.814079982  0.824295673  0.850882861  0.823774427
  9.49999976E-05  0.917966232  0.918124999  0.816270644  0.816179001
  0.815436751  0.825823531  0.852273851  0.825191456
  9.99999975E-05  0.918321402  0.918481975  0.817537943  0.817443127
  0.816690291  0.827241546  0.853563408  0.826506015
  0.000149999996  0.921333298  0.921508525  0.827317892  0.827186702
  0.826354082  0.838693988  0.86391234  0.836857097
  0.000199999995  0.923715576  0.923901664  0.834048306  0.833878492
  0.833002237  0.847029195  0.871376062  0.844122269
  0.000249999994  0.925722254  0.925917067  0.839432343  0.839234321
  0.838319485  0.853633724  0.877263621  0.849913828
  0.000299999992  0.927461876  0.927663885  0.843941187  0.843719537
  0.842771869  0.85925499  0.882247471  0.854802275
  0.000349999991  0.929023633  0.92923174  0.847625213  0.847380708
  0.846412419  0.86399592  0.886394912  0.858849356
  0.00039999999  0.930436238  0.930649627  0.850859786  0.85059123  0.849608918
  0.868230621  0.890078984  0.862426755
  0.000449999989  0.931733745  0.931951855  0.853708875  0.853415901
  0.852423197  0.872008163  0.893359847  0.865598524
  0.000499999987  0.93294475  0.933167087  0.856131153  0.855816431
  0.854818991  0.875353403  0.896261458  0.868330835
  0.000549999986  0.934071622  0.934297739  0.858381402  0.858046344
  0.857045183  0.878485206  0.898979434  0.870860576
  0.000599999985  0.935122945  0.935352447  0.860533304  0.860178811  0.859175
  0.881490133  0.901590007  0.873267276
  0.000649999984  0.936132978  0.936365603  0.862557063  0.86218376  0.86116539
  0.884044639  0.903783052  0.875455206
  0.000699999982  0.937077847  0.937313291  0.864619419  0.864226749
  0.863198686  0.88666003  0.906033199  0.877690695
  0.000749999981  0.9379924  0.938230471  0.866373136  0.865962243  0.86492388
  0.888920501  0.907953138  0.879605606
  0.00079999998  0.938851997  0.939092456  0.868191378  0.867761594
  0.866717755  0.891281359  0.909966373  0.881598144
  0.000849999979  0.939691386  0.939934079  0.869707863  0.869260524
  0.868205593  0.893257845  0.911636259  0.883273919
  0.000899999977  0.940484409  0.940729142  0.871294961  0.870829357
  0.869767746  0.895340953  0.913403785  0.885032778
  0.000949999976  0.941258058  0.941504707  0.872623924  0.872141231
  0.871076115  0.897210311  0.914975581  0.886539344
  0.00100000005  0.942004348  0.942252779  0.873846659  0.87334717  0.87228128
  0.899010441  0.916482806  0.887947121
  0.00150000007  0.948358177  0.948619125  0.884163667  0.883512328  0.88244375
  0.9139758  0.928935932  0.899718349
  0.00200000009  0.953427399  0.953694747  0.891668027  0.890893573
  0.889823828  0.925100547  0.938123343  0.908373155
  0.00250000012  0.957714352  0.957984571  0.897268245  0.89639156  0.895321855
  0.934116521  0.945515776  0.915005081
  0.00300000014  0.961485556  0.961756355  0.902026942  0.901062873
  0.899966097  0.94152462  0.951548432  0.920498721
  0.00350000017  0.964862795  0.965132567  0.906478549  0.905437809
  0.904291729  0.948002602  0.956792191  0.925511272
  0.00400000019  0.967944061  0.968211609  0.910358451  0.909254027
  0.908051948  0.95373939  0.961380275  0.929933123
  0.00450000021  0.970784607  0.97104899  0.913625261  0.912466537  0.911207715
  0.958939071  0.965479591  0.933758654
  0.00500000024  0.97342167  0.973682114  0.91650097  0.915292767  0.913979852
  0.963800358  0.969260567  0.937190357
  0.00550000026  0.975913167  0.976169083  0.919092983  0.917839295
  0.916467128  0.968155116  0.972582235  0.940281633
  0.00600000028  0.978266414  0.978517313  0.921475467  0.920184848
  0.918743209  0.972212276  0.975641292  0.943140544
  0.00650000031  0.980473617  0.980719043  0.923828223  0.922504556
  0.920995521  0.976291313  0.978699591  0.945975207
  0.00700000033  0.982614809  0.982854457  0.925748239  0.92440043  0.922807812
  0.97972962  0.981229351  0.94832922
  0.00750000036  0.984621193  0.984854691  0.927769984  0.926397907
  0.924734096  0.983432885  0.98395933  0.950812318
  0.00800000038  0.986589053  0.986816257  0.929415888  0.928022277
  0.926283456  0.986525761  0.986192421  0.952887855
  0.0085000004  0.988446423  0.988666993  0.931156573  0.929741148  0.927937707
  0.989863648  0.988607447  0.955082956
  0.00900000043  0.990261704  0.990475546  0.932514248  0.931079014
  0.929199632  0.992810223  0.990716856  0.956860028
  0.00950000045  0.992004718  0.992211596  0.933789006  0.932334372
  0.930377939  0.995755966  0.992818543  0.958555176
  0.00999999978  0.993675427  0.99387516  0.935112369  0.933640713  0.931608602
  0.9987808  0.994972595  0.960283806
  0.0149999997  1.00815444  1.00827817  0.951913716  0.950625191  0.947712568
  1.02341693  1.01170015  0.977856897
  0.0199999996  1.01962321  1.01966767  0.969206449  0.968371472  0.964940999
  1.04293694  1.02444792  0.994599459
  0.0249999994  1.02892742  1.02889543  0.98049934  0.980082895  0.976764077
  1.05808509  1.03494102  1.00622722
  0.0299999993  1.03641336  1.03630928  0.989544908  0.989534795  0.986793013
  1.07031017  1.04456196  1.01539757
  0.0349999992  1.04246867  1.04229847  0.997755748  0.998134604  0.996329762
  1.07882347  1.05279821  1.02316265
  0.0399999991  1.04726159  1.0470324  1.00466722  1.00537919  1.00479679
  1.08389984  1.05909479  1.02942533
  0.044999999  1.05093539  1.05065461  1.00986878  1.01082551  1.01165648
  1.08628671  1.06372181  1.03407428
  0.0499999989  1.05367982  1.05335369  1.01387342  1.014993  1.01733504
  1.08676688  1.06712777  1.03758456
  0.0549999988  1.05572717  1.05536024  1.01705697  1.01828088  1.02218754
  1.08581328  1.06966829  1.0403
  0.0599999987  1.05709409  1.0566924  1.01924112  1.0204951  1.02588791
  1.08329377  1.07111427  1.04212879
  0.0649999985  1.05777713  1.05734662  1.02032381  1.02155533  1.0281238
  1.07960731  1.07150306  1.04303768
  0.0699999984  1.05823015  1.05777305  1.02104834  1.02223393  1.02996097
  1.07497088  1.07147566  1.04364278
  0.0749999983  1.05801947  1.05754158  1.02064858  1.0217601  1.02998177
  1.06990576  1.07036087  1.04335888
  0.0799999982  1.0577479  1.05725095  1.0200623  1.02108434  1.02977322
  1.06398454  1.06894526  1.04295861
  0.0849999981  1.05712485  1.05661052  1.01893613  1.01988316  1.02848574
  1.05856538  1.06687932  1.0422127
  0.089999998  1.05641538  1.05588567  1.01753813  1.01840324  1.02671797
  1.05271583  1.06438767  1.0413358
  0.0949999979  1.05548593  1.05494304  1.01604019  1.01682876  1.02471937
  1.04692407  1.06155697  1.04035427
  0.100000001  1.05413664  1.05358396  1.0145231  1.01526637  1.02251054
  1.04237586  1.05843029  1.03921737
  0.150000002  1.03774755  1.03715293  1.00197339  1.00210489  1.00318112
  1.00620729  1.01877507  1.02762083
  0.200000003  1.02099591  1.02036436  0.997773456  0.997631553  0.996354315
  0.992564571  0.989855554  1.01743383
  0.250000004  1.00195219  1.00131293  0.997027308  0.996887141  0.995166588
  0.989911085  0.980241174  1.00409598
  0.300000004  0.979546193  0.978948237  0.996506217  0.996419234  0.994429584
  0.988308848  0.973144096  0.985461497
  0.350000005  0.955785723  0.95523987  0.996068063  0.996045836  0.993890853
  0.987287356  0.96661823  0.963596916
  0.400000006  0.931706972  0.931243575  0.995687801  0.995733444  0.993504751
  0.986744011  0.960588301  0.940034953
  0.450000007  0.908447369  0.908091794  0.995388116  0.995497847  0.993296138
  0.986731889  0.955405443  0.916289115
  0.500000007  0.887066744  0.886835489  0.995216583  0.995379391  0.993311589
  0.987334032  0.951505503  0.893744966
  0.550000008  0.86886408  0.868760532  0.995235227  0.995432711  0.993593823
  0.988621991  0.949535904  0.873866836
  0.600000009  0.855665671  0.855688317  0.995511885  0.995719888  0.994170318
  0.990586559  0.950197447  0.858630091
  0.65000001  0.848558418  0.848738605  0.996216756  0.996404556  0.99525574
  0.993494175  0.954438889  0.848981666
  0.70000001  0.851427666  0.851806092  0.998238913  0.998314658  0.997952898
  0.997796908  0.964516956  0.848276285
  0.750000011  0.876328168  0.876938745  1.00337829  1.00337827  1.00337835
  1.00337835  0.984633206  0.867129907
  0.800000012  0.954014434  0.954761388  1.00838039  1.00838039  1.00838039
  1.00838039  1.01588945  0.940478248
  0.850000013  1.08772465  1.0884844  1.01110124  1.01110125  1.01110125
  1.01110125  1.05564809  1.07410079
  0.900000013  1.28099878  1.28153244  1.00548641  1.00548641  1.0054864
  1.0054864  1.10275999  1.27086647
  0.950000014  1.54402739  1.54416845  0.924777175  0.924777105  0.92477737
  0.92477737  1.14961672  1.54049052
  16384.
  9.99999975E-06  0.908268448  0.908374767  0.782110806  0.78209387
  0.781918463  0.786602814  0.81872964  0.788470776
  1.49999996E-05  0.909897365  0.910014287  0.790084741  0.790064341
  0.789848352  0.795132384  0.827016475  0.796639011
  1.99999995E-05  0.911177478  0.911302495  0.795768195  0.795744464
  0.795502345  0.801431487  0.833064762  0.802546011
  2.49999994E-05  0.912246284  0.912377893  0.800261419  0.800233702
  0.799972321  0.806430884  0.837840833  0.807207583
  2.99999992E-05  0.913171115  0.913308222  0.804086849  0.804054239
  0.803772508  0.810568656  0.841779269  0.811114968
  3.49999991E-05  0.91399171  0.914133583  0.807510157  0.807472148
  0.807168792  0.814154804  0.845170137  0.814570938
  3.9999999E-05  0.914732439  0.914878567  0.810520416  0.81047725  0.810153666
  0.81729005  0.848118638  0.817606966
  4.49999989E-05  0.915410489  0.915560425  0.81317429  0.813126745
  0.812787046  0.820096337  0.850739664  0.820302042
  4.99999987E-05  0.9160359  0.916189288  0.815569586  0.81551842  0.815166167
  0.822678986  0.853137006  0.822754156
  5.49999986E-05  0.916617287  0.916773854  0.81773456  0.81768048  0.81731798
  0.82506113  0.85533569  0.824986976
  5.99999985E-05  0.917166094  0.917325746  0.819619643  0.819562811
  0.819190545  0.82714758  0.857251483  0.826932132
  6.49999984E-05  0.91767821  0.917840719  0.821481624  0.821421922
  0.821041087  0.829211321  0.859150055  0.828855044
  6.99999982E-05  0.918168611  0.918333804  0.823127414  0.823064651
  0.822676224  0.831023559  0.860807872  0.830550664
  7.49999981E-05  0.918630451  0.918798125  0.824759165  0.824693158
  0.824298309  0.83282623  0.862460624  0.832234494
  7.9999998E-05  0.919075002  0.919245032  0.826196378  0.826126909
  0.825726409  0.834421496  0.863915646  0.833719143
  8.49999979E-05  0.919494165  0.919666385  0.827681543  0.827608509
  0.827203331  0.836074012  0.865429375  0.835255809
  8.99999977E-05  0.919904319  0.920078658  0.828925259  0.828849197
  0.828438033  0.837461291  0.866691361  0.836543991
  9.49999976E-05  0.920292954  0.920469273  0.830221368  0.830142161
  0.829725883  0.838910213  0.868015128  0.837888406
  9.99999975E-05  0.920669467  0.920847695  0.831417834  0.831335753
  0.830914302  0.84025418  0.869240276  0.839133498
  0.000149999996  0.923853201  0.924046878  0.840706833  0.840592337
  0.840137668  0.851113945  0.87907231  0.848970529
  0.000199999995  0.926359655  0.926564681  0.847161684  0.847014132
  0.846549337  0.859023725  0.886164123  0.855925156
  0.000249999994  0.928462973  0.92867703  0.852295529  0.852123205
  0.851648816  0.86529257  0.891745424  0.861450394
  0.000299999992  0.930282083  0.930503531  0.85659639  0.856402692
  0.855922477  0.870636469  0.896476074  0.866116054
  0.000349999991  0.931910198  0.932137871  0.8601208  0.859906371  0.859427781
  0.875139921  0.900412853  0.869984204
  0.00039999999  0.933380105  0.933613142  0.863218848  0.862982877
  0.862510127  0.879163765  0.903912379  0.873406822
  0.000449999989  0.934727993  0.934965783  0.865945518  0.865688007
  0.865222952  0.882753098  0.907024338  0.876438077
  0.000499999987  0.935982969  0.936224988  0.868283598  0.868006747
  0.867552059  0.885928996  0.909766983  0.879064405
  0.000549999986  0.937149423  0.937395194  0.870464277  0.87016913
  0.869724934  0.888904967  0.912335544  0.881508081
  0.000599999985  0.938236979  0.938486093  0.872556404  0.87224359
  0.871810483  0.891763881  0.914803686  0.883843775
  0.000649999984  0.939279126  0.939531307  0.874469321  0.874139554
  0.873706029  0.89419029  0.916872076  0.885923719
  0.000699999982  0.940253973  0.940508902  0.876421674  0.876074416
  0.875644992  0.896679382  0.919000209  0.888052106
  0.000749999981  0.941195198  0.941452669  0.878078817  0.877715157
  0.877287775  0.898825695  0.920811148  0.889871792
  0.00079999998  0.942080147  0.942339914  0.879801139  0.879420436  0.87899983
  0.901072468  0.922716022  0.891769368
  0.000849999979  0.942942409  0.943204311  0.881225585  0.88082914
  0.880409614  0.902950127  0.924290034  0.893352127
  0.000899999977  0.943757475  0.944021311  0.882720572  0.882307721
  0.881893635  0.904933538  0.925961297  0.895017652
  0.000949999976  0.944550984  0.944816625  0.883988844  0.883560646
  0.883153548  0.906710745  0.927444949  0.896457889
  0.00100000005  0.945315877  0.945583183  0.885166596  0.884723325
  0.884325234  0.908421772  0.928867541  0.897812783
  0.00150000007  0.951804981  0.952083447  0.895031728  0.89445223  0.894133508
  0.922645193  0.940599205  0.909099326
  0.00200000009  0.956952769  0.957236133  0.9021608  0.901470784  0.901214618
  0.93322469  0.949221568  0.917361404
  0.00250000012  0.961288191  0.961572896  0.90755053  0.906768494  0.906565555
  0.941805007  0.956144508  0.923756183
  0.00300000014  0.965087375  0.965371134  0.912108142  0.911247707
  0.911062474  0.948856705  0.961776061  0.929052183
  0.00350000017  0.968480266  0.968761487  0.916301156  0.915372315
  0.915179234  0.955031553  0.966665036  0.933830132
  0.00400000019  0.971567294  0.971844816  0.919939489  0.918953713
  0.918742894  0.960504271  0.970940298  0.93802688
  0.00450000021  0.974406764  0.97467967  0.92302921  0.921994781  0.921763384
  0.965467324  0.974761571  0.941681553
  0.00500000024  0.977038306  0.977305865  0.925773204  0.924694675
  0.924442995  0.970109023  0.978288123  0.944983743
  0.00550000026  0.979517638  0.979779283  0.928234132  0.927116022
  0.926833936  0.974259435  0.981379265  0.947944751
  0.00600000028  0.981854448  0.982109731  0.930494151  0.92934393  0.92902103
  0.978125478  0.984225412  0.950680157
  0.00650000031  0.984045863  0.984294345  0.932729104  0.931550152
  0.931188487  0.982017557  0.98707647  0.953395634
  0.00700000033  0.986162672  0.986404103  0.934555554  0.9333558  0.932937582
  0.985288794  0.989423078  0.955650306
  0.00750000036  0.988148753  0.988382779  0.93648672  0.93526608  0.934803789
  0.988822563  0.991966467  0.958037793
  0.00800000038  0.990087024  0.990313516  0.938056659  0.936818414
  0.936302745  0.991759741  0.994031508  0.960019298
  0.0085000004  0.991919045  0.992137697  0.939723166  0.938467142  0.937908603
  0.994938557  0.996274283  0.962122492
  0.00900000043  0.993702209  0.993912968  0.941069778  0.939798985
  0.939185483  0.997734728  0.998219366  0.963865625
  0.00950000045  0.99541383  0.995616475  0.942356445  0.941071779  0.940402672
  1.00053029  1.00015605  0.965548071
  0.00999999978  0.997054423  0.9972488  0.943694359  0.942398147  0.941674969
  1.00340412  1.00214426  0.967269211
  0.0149999997  1.01114498  1.01125335  0.959857031  0.958758256  0.957279257
  1.02659484  1.0174036  0.984294835
  0.0199999996  1.02214689  1.02216793  0.975727319  0.975054249  0.973103771
  1.04471864  1.02886869  0.999827934
  0.0249999994  1.03093344  1.03087172  0.986149046  0.985869075  0.984038407
  1.05852493  1.03805463  1.0106399
  0.0299999993  1.0379326  1.03779367  0.994550651  0.994651946  0.993359361
  1.06946976  1.04621049  1.01920847
  0.0349999992  1.04351626  1.04330716  1.00203627  1.0024965  1.00204767
  1.07689946  1.05288376  1.02632942
  0.0399999991  1.0478635  1.04759221  1.0081983  1.00895965  1.00959631
  1.08113043  1.05776355  1.03193123
  0.044999999  1.05112831  1.05080289  1.01274831  1.01372619  1.01560745
  1.08287803  1.06113838  1.03599657
  0.0499999989  1.0535081  1.0531353  1.01616965  1.01728824  1.02048596
  1.08287344  1.06342183  1.0389801
  0.0549999988  1.05523352  1.05481835  1.01881117  1.02001653  1.02456347
  1.08154348  1.06491888  1.04120857
  0.0599999987  1.05631899  1.05586777  1.02050673  1.02173119  1.02753648
  1.07879211  1.06545341  1.04259712
  0.0649999985  1.05676706  1.05628587  1.02120061  1.02239787  1.02916876
  1.07503973  1.06511105  1.04314818
  0.0699999984  1.05700461  1.056496  1.0215424  1.02268982  1.03039618
  1.07038567  1.06434525  1.04340971
  0.0749999983  1.05662985  1.0560995  1.02090846  1.02198394  1.03003559
  1.06548288  1.06276332  1.04290197
  0.0799999982  1.0562009  1.0556508  1.02007469  1.0210625  1.02942052
  1.05974857  1.06083624  1.04227566
  0.0849999981  1.05542998  1.054862  1.01881279  1.01972783  1.02792221
  1.05457753  1.05847544  1.04136238
  0.089999998  1.05457368  1.05399007  1.01729791  1.01813339  1.02598045
  1.04900943  1.05571924  1.04032496
  0.0949999979  1.05352351  1.05292658  1.01569962  1.01645889  1.02384036
  1.04347949  1.05267575  1.03920057
  0.100000001  1.05210072  1.05149363  1.0141429  1.0148541  1.02159893
  1.0391388  1.04951563  1.03796958
  0.150000002  1.03541524  1.03476258  1.00146479  1.00155975  1.0023248
  1.0043793  1.01227846  1.02576018
  0.200000003  1.01834879  1.01765739  0.997278163  0.997111784  0.995608838
  0.99135592  0.986888486  1.01504099
  0.250000004  0.998979857  0.998283662  0.996432218  0.996272945  0.994280905
  0.988471861  0.977067293  1.00111608
  0.300000004  0.976455592  0.975806996  0.995812484  0.995716181  0.993413089
  0.986636253  0.969060316  0.98211619
  0.350000005  0.952830669  0.952242751  0.995294095  0.995273352  0.992780967
  0.985459801  0.96169844  0.960218383
  0.400000006  0.929051109  0.928555905  0.99484597  0.994904009  0.992328885
  0.984823746  0.954867757  0.936869382
  0.450000007  0.906213161  0.905836923  0.994495455  0.99462749  0.992086355
  0.984792756  0.948963362  0.913533035
  0.500000007  0.88534938  0.885109356  0.994297941  0.994490848  0.992106648
  0.985464874  0.94448977  0.891547173
  0.550000008  0.867776805  0.86767739  0.994326543  0.994558619  0.992440146
  0.986926228  0.94221554  0.872388234
  0.600000009  0.855323855  0.855365291  0.994661704  0.994904581  0.993123449
  0.989173957  0.942988166  0.858017474
  0.65000001  0.849167553  0.849383172  0.995517523  0.99573367  0.994429855
  0.992523578  0.94798342  0.849477907
  0.70000001  0.853457439  0.853890402  0.997952411  0.998035048  0.99764569
  0.997484033  0.959963769  0.850437376
  0.750000011  0.880764217  0.881443343  1.0039653  1.00396528  1.00396537
  1.00396537  0.984002931  0.872323262
  0.800000012  0.960008807  0.960823246  1.00992707  1.00992707  1.00992707
  1.00992707  1.02139178  0.947779839
  0.850000013  1.09355966  1.09437084  1.01364532  1.01364532  1.01364532
  1.01364532  1.06963198  1.08129068
  0.900000013  1.28528668  1.28584986  1.00920872  1.00920872  1.00920871
  1.00920871  1.12845362  1.27613432
  0.950000014  1.54553702  1.54568797  0.931242391  0.931242318  0.931242553
  0.931242553  1.19018228  1.54230233
