  4.
  9.99999975E-06  0.895100629  0.895100633  0.681640473  0.681639819
  0.657632415  0.683042978  0.513672771  0.694211478
  1.49999996E-05  0.895356836  0.895356838  0.701867944  0.70190416
  0.676908945  0.694812388  0.537442402  0.710744015
  1.99999995E-05  0.895589127  0.895589126  0.711255554  0.711254394
  0.684951679  0.704072414  0.553274073  0.720696884
  2.49999994E-05  0.895800156  0.895800153  0.714174663  0.714107975
  0.686417003  0.710794507  0.563533293  0.725235566
  2.99999992E-05  0.895997514  0.895997516  0.716131301  0.716039845
  0.687184431  0.71579241  0.571177449  0.726963842
  3.49999991E-05  0.896180409  0.89618041  0.720824475  0.720776901
  0.691160415  0.720106508  0.578419712  0.730441307
  3.9999999E-05  0.896355144  0.896355143  0.726915576  0.726901451
  0.696808719  0.723906522  0.584950932  0.735727542
  4.49999989E-05  0.896520609  0.89652061  0.732141754  0.732099965
  0.701609622  0.727256177  0.590223468  0.740767254
  4.99999987E-05  0.896677355  0.896677358  0.736040776  0.735951487
  0.705032202  0.730465052  0.594601615  0.744953538
  5.49999986E-05  0.89682786  0.896827862  0.738609516  0.738499828
  0.707068487  0.733752043  0.598425914  0.748190623
  5.99999985E-05  0.896977096  0.896977094  0.740233484  0.740129606
  0.70814135  0.736645025  0.601457277  0.750279195
  6.49999984E-05  0.897117819  0.897117817  0.741791132  0.741694442
  0.709168643  0.739359298  0.604464109  0.752252696
  6.99999982E-05  0.897255629  0.897255626  0.743548345  0.743449137
  0.710503911  0.741371954  0.607644998  0.754325286
  7.49999981E-05  0.897387018  0.897387017  0.745220235  0.745119363
  0.711755351  0.743307776  0.610504582  0.756309404
  7.9999998E-05  0.897517693  0.89751769  0.746602945  0.746502615  0.712725994
  0.744921449  0.612370394  0.757963437
  8.49999979E-05  0.897641076  0.897641074  0.747992601  0.747892819
  0.713702228  0.746556043  0.614244646  0.759598781
  8.99999977E-05  0.897766715  0.897766711  0.749174866  0.74907502
  0.714489199  0.747897609  0.615692249  0.760518148
  9.49999976E-05  0.897885532  0.89788553  0.750373546  0.750273669
  0.715290071  0.749270672  0.617166915  0.761451894
  9.99999975E-05  0.898003717  0.898003708  0.751790816  0.751690222
  0.716387568  0.750591457  0.619486711  0.762626822
  0.000149999996  0.899071982  0.899071974  0.762823732  0.762682871
  0.724797783  0.762722968  0.640552708  0.774960691
  0.000199999995  0.899999599  0.899999599  0.766538233  0.766339381
  0.725956234  0.772417216  0.647379966  0.782115323
  0.000249999994  0.900836791  0.90083679  0.770671772  0.770458117
  0.728198829  0.779719129  0.655430046  0.787288697
  0.000299999992  0.901602334  0.901602331  0.774978678  0.774778556
  0.730978803  0.785663622  0.664561264  0.792437896
  0.000349999991  0.902323598  0.902323597  0.77777328  0.777585315
  0.732302733  0.790964509  0.671316681  0.796552884
  0.00039999999  0.903000488  0.903000489  0.780121205  0.77991953  0.733335388
  0.79584962  0.675945754  0.800307827
  0.000449999989  0.903641735  0.903641734  0.783026885  0.782772712
  0.735238379  0.8000995  0.679221463  0.805030968
  0.000499999987  0.904262443  0.904262437  0.78415846  0.783869591  0.73515523
  0.803770886  0.682683537  0.807887392
  0.000549999986  0.904853057  0.904853048  0.784103085  0.783800002
  0.733727796  0.807209937  0.686728399  0.808551944
  0.000599999985  0.905412012  0.905412012  0.783157606  0.782856673
  0.731274068  0.810503979  0.691292372  0.807420364
  0.000649999984  0.905970953  0.905970944  0.785597337  0.785247153
  0.733082395  0.813366748  0.695073131  0.810188722
  0.000699999982  0.906495867  0.906495867  0.788059705  0.787665285
  0.734943986  0.816259517  0.6987369  0.812948527
  0.000749999981  0.907020046  0.907020037  0.789742004  0.789343998
  0.735976221  0.818901156  0.701420287  0.814580325
  0.00079999998  0.907512999  0.907513  0.791543465  0.791141994  0.737158661
  0.821618209  0.70420949  0.816406795
  0.000849999979  0.908012917  0.908012904  0.794451457  0.794045779
  0.73991138  0.823971182  0.707339551  0.820183824
  0.000899999977  0.908483472  0.908483468  0.797398692  0.796989184
  0.742721081  0.826397368  0.710539864  0.82402533
  0.000949999976  0.908955426  0.908955418  0.798751564  0.798305603
  0.743548594  0.828587688  0.712949686  0.826043915
  0.00100000005  0.909415734  0.909415722  0.799339765  0.798841211
  0.743412698  0.830691671  0.714996292  0.827188744
  0.00150000007  0.91355699  0.91355697  0.806623001  0.805922887  0.745759641
  0.848852722  0.733026895  0.83769878
  0.00200000009  0.917152482  0.917152464  0.815015742  0.81440559  0.75175054
  0.862177804  0.748123458  0.848872161
  0.00250000012  0.920379261  0.920379251  0.818766437  0.818109379
  0.752454143  0.872940861  0.760357416  0.855103033
  0.00300000014  0.923370596  0.923370581  0.821280502  0.820489583
  0.752288766  0.88178736  0.77058673  0.858046381
  0.00350000017  0.926151962  0.926151949  0.826475563  0.825608611
  0.756429599  0.889266386  0.780000985  0.863260343
  0.00400000019  0.928774402  0.928774391  0.832209017  0.831304805
  0.761757564  0.895719107  0.788536684  0.869824269
  0.00450000021  0.931265452  0.931265453  0.836291648  0.835345448
  0.765102871  0.901577594  0.796079028  0.874789428
  0.00500000024  0.933634282  0.933634287  0.838941393  0.837942008
  0.766685713  0.907156379  0.80280719  0.877978054
  0.00550000026  0.935934822  0.93593483  0.841561937  0.840512573  0.768545405
  0.912491107  0.808683283  0.88124446
  0.00600000028  0.938158696  0.938158728  0.844173138  0.84307082  0.770558005
  0.917562619  0.813939764  0.88465513
  0.00650000031  0.940254145  0.940254146  0.846809624  0.845653239
  0.772685591  0.922656273  0.818993907  0.888180716
  0.00700000033  0.942385868  0.942385926  0.848876006  0.847690693
  0.774174875  0.92701885  0.823508329  0.890891502
  0.00750000036  0.944364211  0.944364212  0.850969462  0.849757405
  0.775708386  0.931580447  0.828136456  0.893650231
  0.00800000038  0.946388301  0.946388399  0.85339552  0.852195974  0.778129056
  0.935418841  0.831188036  0.897910142
  0.0085000004  0.948278218  0.948278246  0.855866914  0.854681784  0.780624848
  0.939462564  0.834347482  0.902241679
  0.00900000043  0.950201616  0.95020174  0.856232506  0.854993605  0.77996872
  0.94307504  0.837334238  0.903958852
  0.00950000045  0.952057525  0.952057648  0.85593736  0.854621987  0.778287772
  0.946660574  0.840329158  0.904871537
  0.00999999978  0.953839988  0.95384003  0.855546842  0.854151388  0.776457156
  0.950356402  0.843451571  0.905508805
  0.0149999997  0.970603095  0.970603163  0.863928579  0.862094018  0.781022799
  0.988297143  0.873837752  0.912365215
  0.0199999996  0.98568375  0.985683796  0.893064475  0.891463634  0.822644445
  1.02628543  0.895787648  0.94231762
  0.0249999994  0.999849989  0.999851365  0.909024982  0.90743072  0.845365304
  1.05979356  0.912072311  0.962215898
  0.0299999993  1.0121019  1.01210249  0.917432682  0.915735501  0.857271933
  1.08903354  0.927129657  0.970929505
  0.0349999992  1.02304272  1.02304277  0.92698522  0.925291757  0.871925229
  1.11151436  0.957767003  0.977527371
  0.0399999991  1.03269137  1.03269179  0.937649626  0.93604837  0.889019887
  1.12654724  0.986957231  0.985362937
  0.044999999  1.0410296  1.04103152  0.946526656  0.945014526  0.90369573
  1.13509751  1.01311714  0.991578348
  0.0499999989  1.04810594  1.04810916  0.954362245  0.952959407  0.916983692
  1.13866158  1.03695815  0.996847687
  0.0549999988  1.05403098  1.05403324  0.961707042  0.960439569  0.929704778
  1.13844788  1.05929372  1.00163252
  0.0599999987  1.05883455  1.05883614  0.96860566  0.967496624  0.941864225
  1.13398396  1.079563  1.00605587
  0.0649999985  1.06248886  1.06249163  0.974585815  0.97361844  0.952609539
  1.12531803  1.09706378  1.00992693
  0.0699999984  1.06563056  1.06563107  0.980517134  0.979713079  0.963441941
  1.11420696  1.11443817  1.01363923
  0.0749999983  1.0671912  1.06719276  0.985129999  0.984458867  0.971896152
  1.09915812  1.12775605  1.01600415
  0.0799999982  1.06852075  1.06852129  0.98990395  0.989396455  0.980743771
  1.0819338  1.14153316  1.01825193
  0.0849999981  1.06992414  1.06992605  0.99321302  0.992839773  0.987004008
  1.06460178  1.15152955  1.02088825
  0.089999998  1.07129743  1.07129905  0.996258379  0.996028942  0.992853046
  1.04583653  1.1609019  1.02365063
  0.0949999979  1.07207309  1.07207288  0.998550862  0.99844426  0.997280025
  1.02887623  1.16872144  1.02583405
  0.100000001  1.07184475  1.07184429  0.999109318  0.999041023  0.998321119
  1.01802727  1.17275182  1.02690324
  0.150000002  1.05835344  1.05834637  1.  1.  1.  1.  1.14855127  1.03453985
  0.200000003  1.04406473  1.04405393  1.  1.  1.  1.  1.02881403  1.03825667
  0.250000004  1.02868174  1.02867096  1.  1.  1.  1.  1.  1.0325344
  0.300000004  1.00819609  1.00819493  1.  1.  1.  1.  1.  1.01892889
  0.350000005  0.983880569  0.983866033  1.  1.  1.  1.  1.  0.998557179
  0.400000006  0.957568187  0.957544883  1.  1.  1.  1.  1.  0.973657248
  0.450000007  0.930796902  0.930775771  1.  1.  1.  1.  1.  0.946216042
  0.500000007  0.905037201  0.905026924  1.  1.  1.  1.  1.  0.918419134
  0.550000008  0.881478414  0.881472576  1.  1.  1.  1.  1.  0.891763503
  0.600000009  0.862147697  0.862131562  1.  1.  1.  1.  1.  0.868908399
  0.65000001  0.847425384  0.847413807  1.  1.  1.  1.  1.  0.849885239
  0.70000001  0.839280903  0.839278737  1.  1.  1.  1.  1.  0.836379984
  0.750000011  0.841580149  0.841589021  1.  1.  1.  1.  1.  0.825096115
  0.800000012  0.901405152  0.90146891  1.  1.  1.  1.  1.  0.872283096
  0.850000013  1.03433204  1.03453842  1.  1.  1.  1.  1.  1.00418346
  0.900000013  1.24130496  1.24151797  1.  1.  1.  1.  1.  1.21970211
  0.950000014  1.53045899  1.5305017  1.  1.  1.  1.  1.  1.52399885
  16.
  9.99999975E-06  0.898364969  0.898390135  0.713111541  0.713111784
  0.704088706  0.717470583  0.68678102  0.724703908
  1.49999996E-05  0.899016106  0.899044403  0.72693619  0.726944025
  0.717081061  0.728812282  0.699222317  0.737270133
  1.99999995E-05  0.899558137  0.899588935  0.734768375  0.734758444
  0.72416692  0.736998387  0.707856813  0.745319892
  2.49999994E-05  0.900027568  0.900060522  0.739467145  0.739434388
  0.728229147  0.74321141  0.714225547  0.750515007
  2.99999992E-05  0.900443743  0.900478484  0.743396121  0.743357762
  0.731626509  0.748150396  0.719284885  0.754412672
  3.49999991E-05  0.900821788  0.900858049  0.747821529  0.747796937
  0.735651596  0.75239698  0.723792122  0.758528071
  3.9999999E-05  0.901169283  0.901206981  0.752183234  0.752164917
  0.739660288  0.756054557  0.727613421  0.762631035
  4.49999989E-05  0.901492728  0.901531701  0.755890791  0.755860347
  0.743038912  0.759297459  0.730892543  0.766263518
  4.99999987E-05  0.901795631  0.901835709  0.75893699  0.758890038
  0.745773498  0.762296934  0.733820919  0.76939867
  5.49999986E-05  0.902081165  0.902122224  0.761368506  0.761314903
  0.747902709  0.765111684  0.736450343  0.772044171
  5.99999985E-05  0.902354546  0.902396678  0.763311782  0.763259276
  0.74955613  0.767551866  0.738699138  0.774153397
  6.49999984E-05  0.902610931  0.902654092  0.765201028  0.765150037
  0.75116532  0.769910909  0.740905913  0.776195416
  6.99999982E-05  0.902860671  0.902904832  0.76699262  0.766940137
  0.752721224  0.771905933  0.742932853  0.778084817
  7.49999981E-05  0.903096932  0.903142009  0.768736028  0.768682299
  0.754229988  0.773861282  0.744887858  0.779920135
  7.9999998E-05  0.903327417  0.90337335  0.7702541  0.770199772  0.755521008
  0.775576056  0.746520463  0.781495898
  8.49999979E-05  0.903544747  0.903591484  0.771796668  0.771741729
  0.756835345  0.777327296  0.74819162  0.783096368
  8.99999977E-05  0.903761362  0.903808865  0.773135646  0.773079751
  0.757965132  0.778815502  0.749688571  0.784406604
  9.49999976E-05  0.903966321  0.904014554  0.774506588  0.774449743
  0.759124686  0.780348535  0.751229268  0.785751549
  9.99999975E-05  0.904167796  0.904216735  0.775860039  0.775801916
  0.760291765  0.781779553  0.752796587  0.78709831
  0.000149999996  0.90592482  0.905979701  0.785958394  0.78587478  0.768787485
  0.793478029  0.764875565  0.798135813
  0.000199999995  0.907377701  0.907437139  0.791662391  0.79155138
  0.773174091  0.802274488  0.772096627  0.80511102
  0.000249999994  0.908644663  0.908707962  0.796720054  0.796600844
  0.777205391  0.809225748  0.778712438  0.810809781
  0.000299999992  0.909768709  0.909835329  0.801121389  0.8010035  0.780687428
  0.815010414  0.784559579  0.81578357
  0.000349999991  0.910805448  0.910874946  0.804464378  0.8043444  0.783227083
  0.819965056  0.789215315  0.819804611
  0.00039999999  0.911760158  0.91183217  0.807371836  0.807238122  0.785409238
  0.824424799  0.793062234  0.82336597
  0.000449999989  0.912649598  0.912723968  0.810136204  0.809975891
  0.78752779  0.828395213  0.796405519  0.826814902
  0.000499999987  0.913497867  0.913574437  0.812012059  0.811833996
  0.788777513  0.831931464  0.799635252  0.829374949
  0.000549999986  0.91429581  0.914374388  0.813444741  0.813255403
  0.789583051  0.835231959  0.802786693  0.831261278
  0.000599999985  0.915045076  0.915125493  0.814567181  0.814371531
  0.79007053  0.838380466  0.805898927  0.832625596
  0.000649999984  0.915780169  0.915862318  0.816764715  0.816545529
  0.79184218  0.841091351  0.808510856  0.83499478
  0.000699999982  0.916469263  0.916553023  0.818990912  0.81874994
  0.793657358  0.843839086  0.811133864  0.837396944
  0.000749999981  0.917149881  0.917235193  0.820809969  0.820562932
  0.795109226  0.846277087  0.813379513  0.839350855
  0.00079999998  0.917789116  0.917875872  0.822689782  0.822436464
  0.796626262  0.848790214  0.815691002  0.841390461
  0.000849999979  0.918424437  0.918512555  0.824661415  0.824398568
  0.798320909  0.850918156  0.817709714  0.843665612
  0.000899999977  0.919023027  0.919112427  0.826683898  0.826411513
  0.800069134  0.853129541  0.819801471  0.846008524
  0.000949999976  0.91961643  0.919707063  0.827989855  0.827696884
  0.801033972  0.85513406  0.821612205  0.847612829
  0.00100000005  0.920192393  0.920284204  0.828956738  0.828637521
  0.801622264  0.857067537  0.823309612  0.84887082
  0.00150000007  0.925250924  0.925352211  0.838204249  0.837788222
  0.808121631  0.873366734  0.837825736  0.860031604
  0.00200000009  0.929483131  0.929591084  0.846056194  0.845666904
  0.814250682  0.885492402  0.849163155  0.869421764
  0.00250000012  0.933184257  0.933297114  0.850814653  0.850379334  0.81725374
  0.895325219  0.858368808  0.875567206
  0.00300000014  0.936541396  0.936657956  0.85477297  0.854259237  0.819816715
  0.90343724  0.866083983  0.880129163
  0.00350000017  0.939613006  0.939732381  0.85963067  0.859068053  0.823849968
  0.910455283  0.872944135  0.88532497
  0.00400000019  0.94247364  0.942595189  0.864285817  0.863691799  0.827926503
  0.916634221  0.879048055  0.890534642
  0.00450000021  0.945156477  0.945279616  0.867855323  0.867227862  0.83084012
  0.922234831  0.884446526  0.894714181
  0.00500000024  0.947680557  0.94780478  0.870601146  0.869935866  0.83286637
  0.927491677  0.889342088  0.898002669
  0.00550000026  0.950109816  0.950234768  0.873195786  0.872495192
  0.834922672  0.932316874  0.89369012  0.901155292
  0.00600000028  0.952438313  0.952563673  0.875650316  0.874914934
  0.836908478  0.936840816  0.897655061  0.904196962
  0.00650000031  0.95462743  0.954752862  0.878080788  0.877310993  0.838909524
  0.94136539  0.901539591  0.907242456
  0.00700000033  0.956812618  0.956937904  0.880031727  0.87924139  0.840426815
  0.945238412  0.904801092  0.909737141
  0.00750000036  0.958845967  0.958970773  0.882031461  0.881221706
  0.842001267  0.949333014  0.908212739  0.91230169
  0.00800000038  0.960900326  0.961024613  0.883863314  0.883046259
  0.843593324  0.952845348  0.910962213  0.914997038
  0.0085000004  0.962824309  0.962947756  0.885753138  0.884929743  0.845255077
  0.956572332  0.913853161  0.917775801
  0.00900000043  0.964755102  0.964877668  0.886539674  0.885677673
  0.845490295  0.959939352  0.916533458  0.919295152
  0.00950000045  0.966614171  0.966735626  0.886986336  0.886074625
  0.845265586  0.96330543  0.919223729  0.920437375
  0.00999999978  0.968397429  0.968517582  0.887419314  0.886456937
  0.845022064  0.966752146  0.921968259  0.921503297
  0.0149999997  0.984718481  0.984820646  0.900569566  0.899386944  0.8575047
  0.99789659  0.945336883  0.935185097
  0.0199999996  0.998811995  0.998889643  0.92362506  0.922591067  0.886926805
  1.02591204  0.96313993  0.958430453
  0.0249999994  1.01141853  1.01146934  0.93720514  0.93619247  0.904612231
  1.05024441  0.978524402  0.973717633
  0.0299999993  1.02209849  1.02212097  0.946326046  0.945301437  0.916894149
  1.07190877  0.994993178  0.983338515
  0.0349999992  1.03137384  1.03136877  0.955724684  0.954764529  0.930269806
  1.08887828  1.01570784  0.991975373
  0.0399999991  1.03932001  1.03928953  0.96499895  0.964155107  0.94395755
  1.10071265  1.03439019  1.00032042
  0.044999999  1.04598256  1.04592952  0.972603586  0.971876019  0.955541662
  1.10815632  1.05068386  1.00704981
  0.0499999989  1.05146462  1.05139106  0.979182184  0.978583691  0.965827247
  1.11228316  1.06516957  1.01273473
  0.0549999988  1.05595118  1.05585761  0.985188329  0.98473508  0.975431085
  1.11393009  1.07847404  1.0177608
  0.0599999987  1.05947159  1.05936079  0.990560035  0.990260346  0.984184875
  1.11270444  1.09009129  1.02212676
  0.0649999985  1.06198724  1.06186298  0.994954995  0.994789591  0.991487621
  1.10879102  1.09955079  1.0256444
  0.0699999984  1.06410097  1.06396234  0.999241261  0.999224637  0.998739884
  1.10337826  1.1088323  1.02892887
  0.0749999983  1.06506607  1.06491865  1.00217378  1.00226944  1.00374603
  1.09572904  1.1150116  1.03099413
  0.0799999982  1.06588  1.06572328  1.00518928  1.00541701  1.00896484
  1.0868264  1.12140226  1.03297685
  0.0849999981  1.06648759  1.0663224  1.00689295  1.00721558  1.01200421
  1.07785876  1.12510584  1.03463728
  0.089999998  1.06702675  1.06685275  1.00830106  1.008717  1.01457834
  1.06805436  1.12822298  1.03623547
  0.0949999979  1.06711806  1.06693569  1.00917211  1.00966222  1.01621736
  1.05877493  1.13036381  1.03739126
  0.100000001  1.06642138  1.06623375  1.00882424  1.00932481  1.01566122
  1.05203832  1.13019223  1.03766911
  0.150000002  1.05193627  1.0517308  1.00249395  1.0026963  1.00457686
  1.01349206  1.08732433  1.0360507
  0.200000003  1.0369992  1.03677817  0.999777523  0.999759087  0.99958494
  0.998722714  1.01152994  1.03200426
  0.250000004  1.02033741  1.02010717  0.999587604  0.999560223  0.999241689
  0.997630139  0.99553096  1.02315613
  0.300000004  0.999082163  0.998866107  0.999531368  0.999512885  0.99915994
  0.997392157  0.993506313  1.00753979
  0.350000005  0.97480931  0.974597749  0.999483997  0.999476233  0.999103757
  0.997282993  0.991668134  0.986434141
  0.400000006  0.949104366  0.948912238  0.99944344  0.99944664  0.999068397
  0.997279077  0.990039059  0.961853691
  0.450000007  0.923380257  0.923224591  0.999412048  0.999425516  0.999056465
  0.99737969  0.988719302  0.935633062
  0.500000007  0.898946789  0.898838994  0.999397512  0.999419486  0.999076774
  0.997596068  0.987812753  0.909611973
  0.550000008  0.87701615  0.876953119  0.999410331  0.999437923  0.999138249
  0.997938358  0.987433709  0.885231545
  0.600000009  0.859499811  0.859470075  0.999459167  0.999488525  0.999240629
  0.998382729  0.987695568  0.8647807
  0.65000001  0.846994642  0.84701751  0.999567298  0.999594142  0.999409651
  0.998975489  0.988704661  0.848643614
  0.70000001  0.841916487  0.842008823  0.999908093  0.999914399  0.999879967
  0.999859189  0.990776677  0.838646512
  0.750000011  0.851401279  0.851592053  1.00085993  1.00085992  1.00085997
  1.00085997  0.994600369  0.837290152
  0.800000012  0.917590359  0.917882208  1.00142207  1.00142206  1.00142208
  1.00142208  1.00047474  0.894229102
  0.850000013  1.05122507  1.05162309  1.00087993  1.00087993  1.00087993
  1.00087993  1.00726752  1.02722287
  0.900000013  1.25396312  1.25428787  0.995532485  0.995532483  0.995532491
  0.995532491  1.01386055  1.23650748
  0.950000014  1.53470594  1.53478125  0.966725285  0.966725258  0.966725354
  0.966725354  1.01840698  1.52916107
  64.
  9.99999975E-06  0.900979083  0.901025329  0.747414284  0.747414507
  0.742813587  0.752417656  0.753806454  0.758084616
  1.49999996E-05  0.901916543  0.901968202  0.758265892  0.758267694
  0.753123825  0.762332354  0.763563896  0.76832361
  1.99999995E-05  0.902677932  0.902733855  0.764957111  0.764948534
  0.759357563  0.769446557  0.770414476  0.77512946
  2.49999994E-05  0.903327332  0.903386853  0.769562064  0.769542426
  0.763585385  0.774922991  0.775640986  0.779973869
  2.99999992E-05  0.903896666  0.903959175  0.773451768  0.773430199
  0.767157102  0.779342393  0.779888579  0.783867519
  3.49999991E-05  0.904409104  0.904474187  0.77729529  0.777279521
  0.770740998  0.7831424  0.783569503  0.787577535
  3.9999999E-05  0.904876193  0.904943652  0.780818066  0.780803402
  0.774025517  0.786421295  0.786715548  0.79097666
  4.49999989E-05  0.905308166  0.90537774  0.783832505  0.783811084
  0.776819548  0.789335029  0.789468158  0.793956942
  4.99999987E-05  0.905710331  0.905781778  0.786411092  0.786381614
  0.779192768  0.792014453  0.791958498  0.79658462
  5.49999986E-05  0.906087101  0.906160254  0.788597424  0.788564759
  0.781184059  0.794493212  0.794219824  0.798882012
  5.99999985E-05  0.906445427  0.906520354  0.790429708  0.790397162
  0.782833975  0.796644745  0.79618729  0.800805851
  6.49999984E-05  0.906780795  0.906857392  0.792220713  0.792188445
  0.78444765  0.798743356  0.798120713  0.802683911
  6.99999982E-05  0.907105574  0.90718378  0.793857267  0.793823937
  0.785930212  0.800558714  0.799841151  0.804375299
  7.49999981E-05  0.907412176  0.907491866  0.795461026  0.795426741
  0.787380718  0.802346994  0.801531806  0.806033069
  7.9999998E-05  0.907709595  0.907790683  0.796868256  0.796833262  0.78864139
  0.803924198  0.803008124  0.80747811
  8.49999979E-05  0.907989977  0.908072357  0.798305857  0.798270148
  0.789931134  0.80554163  0.804526073  0.808956786
  8.99999977E-05  0.908267493  0.90835114  0.799540159  0.799503515
  0.791031871  0.806912515  0.805847313  0.810204139
  9.49999976E-05  0.908530176  0.908614998  0.800811136  0.800773556
  0.792167316  0.808330383  0.807215092  0.811491733
  9.99999975E-05  0.908786888  0.908872861  0.802019837  0.801981123
  0.793252697  0.809649342  0.808512958  0.812724626
  0.000149999996  0.910997851  0.911093358  0.811135484  0.8110792  0.80130598
  0.820343547  0.81856457  0.822500691
  0.000199999995  0.912791041  0.912893801  0.81694349  0.816870718
  0.806267951  0.828311924  0.825442003  0.829071901
  0.000249999994  0.914331956  0.914440752  0.821830988  0.821752403
  0.810476885  0.834644796  0.83125522  0.834431282
  0.000299999992  0.915684828  0.915798759  0.825960307  0.82588004  0.81399177
  0.839971877  0.836219593  0.838986548
  0.000349999991  0.916918976  0.917037315  0.82923622  0.8291513  0.816738436
  0.844510228  0.840281394  0.842721068
  0.00039999999  0.918046561  0.918168766  0.832104619  0.832008595
  0.819126374  0.848583756  0.843811652  0.84602459
  0.000449999989  0.919090774  0.919216545  0.834696221  0.834583434
  0.821280558  0.852223317  0.846967391  0.849039313
  0.000499999987  0.920077984  0.920207036  0.836702501  0.836578059
  0.822882033  0.855467856  0.849870824  0.851474387
  0.000549999986  0.921002265  0.921134292  0.838456431  0.838323138
  0.824243921  0.858500586  0.852624514  0.853568072
  0.000599999985  0.921867625  0.922002364  0.840047057  0.839906951
  0.82544854  0.861400373  0.855287042  0.855417034
  0.000649999984  0.922709477  0.922846761  0.842030295  0.841875706  0.8271349
  0.863890558  0.857538833  0.857540013
  0.000699999982  0.923497835  0.923637466  0.84404241  0.843874117
  0.828857409  0.866422883  0.859821142  0.859699625
  0.000749999981  0.924270467  0.924412333  0.845740133  0.84556603
  0.830300498  0.868647479  0.861790357  0.861537417
  0.00079999998  0.924996069  0.925140007  0.847489188  0.847309041
  0.831795277  0.870950123  0.863828373  0.863441994
  0.000849999979  0.925711882  0.925857773  0.849098145  0.848909477
  0.833183831  0.872894647  0.86555508  0.865232384
  0.000899999977  0.926386857  0.926534574  0.850760787  0.850563479
  0.834625429  0.87492513  0.86735789  0.867089672
  0.000949999976  0.927051871  0.92720133  0.85199139  0.851780626  0.835621351
  0.876762456  0.868959689  0.868524646
  0.00100000005  0.927695747  0.927846862  0.853023615  0.852796839
  0.836409408  0.87853532  0.870488464  0.869769938
  0.00150000007  0.933279536  0.933443557  0.862298672  0.862013722
  0.843846442  0.893401988  0.883367956  0.880550647
  0.00200000009  0.937863043  0.938035604  0.869549129  0.869271159
  0.849847967  0.904510783  0.893179917  0.888981154
  0.00250000012  0.941818517  0.94199696  0.874437485  0.874120754  0.853566064
  0.91354569  0.901157883  0.894954225
  0.00300000014  0.94536369  0.945546223  0.878611694  0.878241235  0.856831996
  0.921009942  0.907792471  0.89976029
  0.00350000017  0.948580418  0.94876574  0.883051763  0.882645959  0.860659866
  0.927517407  0.913635286  0.904617733
  0.00400000019  0.951553312  0.951740464  0.887096171  0.886664968
  0.864225332  0.933280438  0.91879333  0.909150468
  0.00450000021  0.954322896  0.954511046  0.890325918  0.889868333
  0.866961911  0.938513444  0.923386583  0.912915802
  0.00500000024  0.956914931  0.957103392  0.892982009  0.892495994
  0.869120184  0.943420278  0.927597259  0.916097207
  0.00550000026  0.959393705  0.959581956  0.895438831  0.894926447
  0.871193895  0.947881035  0.931331445  0.919062148
  0.00600000028  0.961757006  0.961944591  0.897724702  0.897187181
  0.873138847  0.952055863  0.934759705  0.921855182
  0.00650000031  0.963976419  0.964162875  0.89997838  0.899416396  0.875076207
  0.956239248  0.938149002  0.924629858
  0.00700000033  0.966168962  0.966353995  0.90180295  0.901225122  0.876597443
  0.959816548  0.94099208  0.926932554
  0.00750000036  0.968213534  0.968396745  0.903690325  0.903097378
  0.878188811  0.963623281  0.944000772  0.929321308
  0.00800000038  0.970259471  0.970440719  0.905292382  0.90468861  0.879586546
  0.966877474  0.946503299  0.931517671
  0.0085000004  0.972180155  0.97235909  0.906959561  0.906345516  0.881057186
  0.970349608  0.949160471  0.93380342
  0.00900000043  0.974090014  0.974266536  0.907928979  0.907286349
  0.881695302  0.973472727  0.95156965  0.935325864
  0.00950000045  0.975926871  0.976100684  0.908694232  0.908016562
  0.882077622  0.976598741  0.953981035  0.936635003
  0.00999999978  0.977688067  0.977858974  0.909475421  0.908762634
  0.882483098  0.979800973  0.956439692  0.937928914
  0.0149999997  0.993516018  0.993651294  0.923767116  0.922932436  0.897094312
  1.00764919  0.976605942  0.953282727
  0.0199999996  1.00679866  1.00689075  0.943267867  0.942550734  0.920894163
  1.03173477  0.992368805  0.972890973
  0.0249999994  1.018292  1.01833883  0.955254297  0.954572804  0.935996336
  1.05216182  1.00635327  0.986108894
  0.0299999993  1.02787732  1.02787888  0.96405575  0.963403037  0.947572797
  1.0700253  1.02093355  0.995594311
  0.0349999992  1.03602455  1.03598295  0.972684239  0.97211859  0.95944882
  1.08376889  1.03649628  1.00408516
  0.0399999991  1.04284462  1.04276347  0.980701404  0.980257219  0.970851268
  1.09319533  1.04998381  1.01170719
  0.044999999  1.04842151  1.04830517  0.987170805  0.986847525  0.980348621
  1.09898572  1.06138713  1.01777383
  0.0499999989  1.05289394  1.05274599  0.992662056  0.992467274  0.9886253
  1.1020637  1.07122675  1.02279778
  0.0549999988  1.05647624  1.05629883  0.997570082  0.997513947  0.996197489
  1.10311782  1.08002408  1.02713158
  0.0599999987  1.05919436  1.05899165  1.00179292  1.00187615  1.00284591
  1.10183387  1.08734995  1.0307279
  0.0649999985  1.0610186  1.06079537  1.00507419  1.00527638  1.00812404
  1.09848341  1.0929037  1.03344727
  0.0699999984  1.06250835  1.06226503  1.00821278  1.00854337  1.01327453
  1.09390661  1.09819941  1.03592542
  0.0749999983  1.0630568  1.06279938  1.0100917  1.01051319  1.01641611
  1.08781517  1.10107851  1.03731636
  0.0799999982  1.06349489  1.06322373  1.01199574  1.01252095  1.01965197
  1.08069349  1.1039788  1.03863593
  0.0849999981  1.06362596  1.06334192  1.01277936  1.01337111  1.02108467
  1.07367305  1.10492745  1.03948685
  0.089999998  1.06367572  1.06337937  1.01326782  1.01391958  1.02205545
  1.06599984  1.10532614  1.04022509
  0.0949999979  1.06336711  1.06305977  1.01334402  1.0140381  1.02233356
  1.0585684  1.10501129  1.04062317
  0.100000001  1.06240798  1.06209323  1.01252487  1.01321084  1.02105906
  1.05288801  1.10317503  1.04034282
  0.150000002  1.04726778  1.04692712  1.00300127  1.00322857  1.00523291
  1.01273197  1.05740468  1.03416846
  0.200000003  1.03177139  1.03140665  0.999331906  0.999281116  0.998817719
  0.996993556  1.0030998  1.02727131
  0.250000004  1.01425314  1.01387645  0.998970179  0.998909208  0.99819699
  0.995325934  0.991325349  1.01671269
  0.300000004  0.992536438  0.992180491  0.998798258  0.998757395  0.997944264
  0.994676282  0.987738677  0.999917703
  0.350000005  0.968370852  0.968034021  0.998651768  0.998636191  0.997760674
  0.994297099  0.984461431  0.978435072
  0.400000006  0.943161444  0.942864811  0.998523891  0.998534957  0.997632266
  0.994142577  0.981509999  0.95412824
  0.450000007  0.918227755  0.917991761  0.998421822  0.998458317  0.997567393
  0.994225096  0.979063982  0.928724346
  0.500000007  0.894781072  0.894618906  0.998364346  0.998422227  0.997586253
  0.994574765  0.977319908  0.903876592
  0.550000008  0.874057309  0.873968093  0.998375434  0.998447778  0.997706742
  0.995215398  0.976525801  0.881019255
  0.600000009  0.857917724  0.857892991  0.998479866  0.99855736  0.997933989
  0.996121494  0.976928398  0.862280906
  0.65000001  0.847112477  0.847175273  0.998731193  0.998803517  0.998328885
  0.997395417  0.978809231  0.848238181
  0.70000001  0.84449117  0.844667318  0.999479298  0.999509356  0.999354487
  0.999273276  0.982905278  0.841095925
  0.750000011  0.859156885  0.859484731  1.0015673  1.00156728  1.00156734
  1.00156734  0.990709474  0.846681285
  0.800000012  0.929514599  0.929964182  1.00324801  1.003248  1.00324802
  1.00324802  1.00271393  0.909743162
  0.850000013  1.06338602  1.0639124  1.00310876  1.00310876  1.00310876
  1.00310876  1.01699913  1.0432142
  0.900000013  1.26301386  1.26341299  0.995756882  0.99575688  0.995756888
  0.995756888  1.03179508  1.24822449
  0.950000014  1.53778809  1.53788602  0.933941589  0.93394152  0.933941763
  0.933941763  1.04331805  1.53292638
  256.
  9.99999975E-06  0.903182953  0.903247278  0.77373034  0.773730416
  0.770942755  0.778311854  0.792729909  0.782394193
  1.49999996E-05  0.904344724  0.904416214  0.782985396  0.782985272
  0.779824332  0.787222284  0.801240524  0.791339137
  1.99999995E-05  0.905275853  0.90535293  0.788963558  0.788956586
  0.785492331  0.793618997  0.807270949  0.797415945
  2.49999994E-05  0.906063325  0.906145052  0.793313242  0.793299896
  0.789587514  0.798578717  0.811935913  0.801921336
  2.99999992E-05  0.906750075  0.906835673  0.796981981  0.796967755
  0.793040139  0.802610995  0.815752123  0.805611719
  3.49999991E-05  0.907364777  0.907453719  0.800414277  0.800402848
  0.796289025  0.806078812  0.819033865  0.80898362
  3.9999999E-05  0.907922874  0.908014868  0.803471537  0.803459828
  0.799176659  0.809079248  0.821858046  0.811984429
  4.49999989E-05  0.90843702  0.90853174  0.806105888  0.806089861  0.801654439
  0.811748376  0.824347723  0.814614706
  4.99999987E-05  0.908913959  0.909011111  0.808406988  0.808386255
  0.80380991  0.814197737  0.826611212  0.816960001
  5.49999986E-05  0.909359329  0.909458726  0.810413354  0.810390739
  0.805678711  0.816453614  0.828676712  0.819045584
  5.99999985E-05  0.909781672  0.909883328  0.812125211  0.812102415
  0.80726333  0.818414996  0.83047909  0.820825204
  6.49999984E-05  0.91017648  0.910280258  0.813803776  0.813780884  0.80881757
  0.820337122  0.832254495  0.822569908
  6.99999982E-05  0.910557263  0.910663053  0.815311972  0.815288257
  0.810215866  0.822011167  0.833818592  0.824122976
  7.49999981E-05  0.910916347  0.911024009  0.816795942  0.816771443
  0.811590461  0.823665342  0.835365829  0.825652702
  7.9999998E-05  0.911263645  0.911373074  0.81810055  0.818075392  0.812791292
  0.825126153  0.836728814  0.82699393
  8.49999979E-05  0.911591041  0.911702112  0.819438373  0.819412542
  0.81402411  0.826628968  0.838135093  0.828371961
  8.99999977E-05  0.911913755  0.912026407  0.820576638  0.820549981
  0.815068174  0.8278985  0.839334293  0.829536642
  9.49999976E-05  0.912219299  0.912333445  0.821753457  0.821725971
  0.816149105  0.82921564  0.84058113  0.830743378
  9.99999975E-05  0.912516886  0.912632479  0.822856646  0.822828208
  0.817163761  0.83043942  0.841743306  0.831879294
  0.000149999996  0.915061726  0.915189222  0.831282525  0.831241026
  0.824827387  0.840361424  0.850873827  0.840842099
  0.000199999995  0.917102364  0.917238841  0.836927115  0.836874299
  0.829869441  0.847728621  0.857378706  0.847054918
  0.000249999994  0.918840301  0.918984146  0.84156294  0.841505518
  0.834013691  0.853592136  0.862696912  0.852083754
  0.000299999992  0.920357322  0.92050736  0.845451913  0.845391897
  0.837457776  0.858556877  0.867213351  0.856331071
  0.000349999991  0.921731435  0.921886775  0.848594593  0.848529578
  0.840217758  0.862776761  0.870952517  0.859837694
  0.00039999999  0.92298114  0.923141108  0.851354667  0.851280631  0.842629466
  0.866562115  0.874256176  0.86294248
  0.000449999989  0.924134312  0.924298505  0.853809884  0.853723947
  0.844766098  0.869947838  0.877217886  0.865726438
  0.000499999987  0.925218308  0.925386344  0.855815452  0.855720886
  0.846481037  0.872962265  0.879886283  0.868060459
  0.000549999986  0.926230394  0.9264019  0.857639142  0.857537414  0.84802679
  0.875784266  0.882397862  0.870164508
  0.000599999985  0.927176419  0.92735107  0.859352629  0.859244713
  0.849469703  0.878488574  0.884815093  0.872115654
  0.000649999984  0.928091775  0.928269364  0.861179121  0.861061048
  0.851075957  0.880805745  0.886860362  0.874076383
  0.000699999982  0.92894848  0.929128757  0.863034921  0.862907079
  0.852715532  0.883168809  0.888944697  0.876074284
  0.000749999981  0.929783567  0.929966383  0.86461288  0.864479872
  0.854102953  0.885232771  0.890739364  0.877789234
  0.00079999998  0.930567993  0.930753144  0.866240988  0.86610261  0.855539932
  0.887376764  0.892606509  0.87956687
  0.000849999979  0.931338426  0.931525782  0.867659427  0.867513948
  0.856787314  0.889184484  0.894174836  0.881133587
  0.000899999977  0.932065421  0.932254819  0.869132908  0.868980177
  0.858088316  0.891079053  0.895821454  0.882766841
  0.000949999976  0.932778684  0.932970023  0.870298761  0.870136424
  0.859081508  0.892789636  0.897291555  0.884103369
  0.00100000005  0.933468156  0.933661325  0.871328533  0.871155285
  0.859936651  0.89443993  0.898701081  0.885313088
  0.00150000007  0.939398808  0.939605805  0.880312223  0.880099496
  0.867578655  0.90825167  0.910490896  0.895639684
  0.00200000009  0.944206922  0.944422469  0.887087852  0.886874278
  0.873409608  0.918594659  0.91936484  0.903475736
  0.00250000012  0.948320067  0.948541016  0.891907242  0.89166121  0.877382889
  0.927022693  0.92657137  0.90927063
  0.00300000014  0.951977057  0.952201311  0.896031717  0.895745658
  0.880856832  0.933991248  0.932529444  0.914044108
  0.00350000017  0.955276741  0.955502801  0.900133591  0.899820263
  0.884493625  0.940092254  0.937753324  0.918617933
  0.00400000019  0.958309774  0.958536527  0.903781973  0.903447831
  0.887763798  0.945510813  0.942353048  0.922758005
  0.00450000021  0.961122783  0.961349293  0.906770188  0.906414763
  0.890380014  0.950438181  0.946466076  0.926271525
  0.00500000024  0.963746392  0.963971885  0.909314245  0.908936538
  0.892564452  0.95505991  0.950256446  0.929341837
  0.00550000026  0.966243116  0.966467019  0.911637049  0.911238808  0.89460679
  0.959241819  0.953611049  0.932158615
  0.00600000028  0.968614318  0.96883613  0.913782972  0.913365529  0.896502478
  0.963154036  0.956701688  0.934786842
  0.00650000031  0.970839776  0.971058993  0.915897657  0.915461743
  0.898385582  0.96708255  0.959775297  0.93739313
  0.00700000033  0.973022078  0.973238379  0.917617477  0.917168869
  0.899890441  0.970434165  0.962350693  0.939565756
  0.00750000036  0.975060831  0.975273814  0.919409277  0.918948523
  0.901475058  0.974018347  0.965098618  0.941835157
  0.00800000038  0.977085052  0.977294534  0.920887593  0.92041608  0.902801241
  0.977064884  0.967387861  0.943811719
  0.0085000004  0.978989227  0.97919487  0.922436117  0.921954229  0.904204917
  0.980329938  0.969836673  0.945882512
  0.00900000043  0.980869592  0.981071237  0.923491657  0.922987925  0.90505095
  0.983252275  0.972024075  0.947419659
  0.00950000045  0.982676752  0.982874154  0.924414144  0.923884461
  0.905739591  0.986178668  0.974209945  0.948822679
  0.00999999978  0.984409168  0.984602101  0.925366137  0.92481081  0.906469071
  0.98917999  0.976442765  0.950236394
  0.0149999997  0.999757915  0.999899723  0.939751346  0.939128532  0.921596579
  1.01473678  0.99441199  0.965953658
  0.0199999996  1.01235027  1.01243422  0.956841829  0.956322329  0.942017168
  1.03629897  1.00855642  0.983312882
  0.0249999994  1.02297065  1.02299606  0.967617792  0.967144275  0.955390764
  1.05416195  1.02099889  0.995280769
  0.0299999993  1.03171063  1.03167906  0.975873861  0.975450667  0.966114456
  1.06946334  1.03347415  1.00441
  0.0349999992  1.0390041  1.03891903  0.983696412  0.983369832  0.976691909
  1.08096813  1.04563399  1.01243832
  0.0399999991  1.04498695  1.04485335  0.990681662  0.99047581  0.986436024
  1.0886364  1.05580233  1.01932738
  0.044999999  1.04976947  1.04959294  0.996227118  0.996140189  0.994423466
  1.09311667  1.06411046  1.02471697
  0.0499999989  1.0535142  1.05329945  1.00084699  1.00088284  1.00126023
  1.09524288  1.07103338  1.02908238
  0.0549999988  1.05644809  1.05619836  1.00489392  1.00505862  1.00739774
  1.09560924  1.07701321  1.0327562
  0.0599999987  1.05859363  1.05831393  1.00825095  1.00854067  1.01260407
  1.09396581  1.08169412  1.03567134
  0.0649999985  1.05993126  1.05962699  1.01072418  1.01111807  1.01653932
  1.09064133  1.08490171  1.03773255
  0.0699999984  1.06098048  1.06065287  1.01303229  1.01353616  1.02029726
  1.08622789  1.08779233  1.03955201
  0.0749999983  1.06121448  1.06086954  1.01419838  1.01477543  1.02227356
  1.08074931  1.08879658  1.04039267
  0.0799999982  1.0613623  1.06100098  1.01534523  1.0160035  1.02426066
  1.0743361  1.08968702  1.04116078
  0.0849999981  1.06116541  1.06078888  1.01554242  1.01624673  1.02474557
  1.06816424  1.08915387  1.04144205
  0.089999998  1.06088272  1.06049217  1.01545343  1.01619466  1.02478511
  1.06143731  1.08810885  1.04159142
  0.0949999979  1.06030259  1.05989981  1.01503444  1.01579615  1.02427888
  1.05484234  1.086511  1.04146926
  0.100000001  1.0591702  1.05875884  1.01394574  1.01468701  1.02263078
  1.04969311  1.08391089  1.04081482
  0.150000002  1.04352903  1.04308531  1.00285282  1.00305783  1.00480601
  1.01052004  1.03936197  1.03190439
  0.200000003  1.02755059  1.02707683  0.998816394  0.998732518  0.99797623
  0.995369017  0.997526077  1.02339749
  0.250000004  1.00939541  1.00890983  0.998308326  0.998216827  0.997133239
  0.993299367  0.987356023  1.01166229
  0.300000004  0.987367062  0.986909218  0.998012862  0.997952982  0.996704686
  0.992281613  0.982437224  0.994074886
  0.350000005  0.963330755  0.962904523  0.997761799  0.997741524  0.996390626
  0.991653835  0.977925971  0.972394045
  0.400000006  0.938546771  0.938177366  0.997542459  0.997564033  0.996166582
  0.991349803  0.97381583  0.948356931
  0.450000007  0.914261052  0.913971147  0.997367356  0.997428852  0.996046833
  0.991396317  0.970352604  0.92360526
  0.500000007  0.891617518  0.891421661  0.99726588  0.997360855  0.996061682
  0.991842459  0.967818984  0.899671576
  0.550000008  0.871874775  0.87177379  0.997275477  0.997392948  0.996237696
  0.992728141  0.966600614  0.877997522
  0.600000009  0.856870842  0.856858922  0.997436442  0.997561752  0.996586564
  0.994032  0.96709297  0.860629445
  0.65000001  0.847483036  0.847586445  0.99783767  0.997953856  0.997214427
  0.995913468  0.969788748  0.848288298
  0.70000001  0.846952652  0.84720385  0.999010764  0.999061222  0.998810165
  0.998689503  0.975912436  0.843590699
  0.750000011  0.865712161  0.866151224  1.00219052  1.0021905  1.00219057
  1.00219057  0.987844499  0.854551372
  0.800000012  0.939142392  0.939713001  1.00504207  1.00504207  1.00504207
  1.00504207  1.00627306  0.921996919
  0.850000013  1.07305132  1.07367405  1.00575221  1.0057522  1.0057522
  1.0057522  1.02879145  1.05565304
  0.900000013  1.2701776  1.2706324  0.99836118  0.99836118  0.998361182
  0.998361182  1.05342477  1.25734462
  0.950000014  1.54025581  1.54037124  0.921235904  0.921235821  0.921236116
  0.921236116  1.0746115  1.53592745
  1024.
  9.99999975E-06  0.905088345  0.905168401  0.794180852  0.79418081
  0.792306982  0.798218593  0.818952216  0.801207947
  1.49999996E-05  0.906432845  0.906521457  0.802440523  0.802439685
  0.80029302  0.806403354  0.826723853  0.809312515
  1.99999995E-05  0.907501151  0.907596373  0.807931064  0.807925356
  0.805557833  0.812288665  0.832266439  0.814899567
  2.49999994E-05  0.908399592  0.908500264  0.812039344  0.812029527
  0.809480528  0.816872172  0.836582551  0.819129384
  2.99999992E-05  0.909180482  0.909285701  0.815493162  0.815482839
  0.812775796  0.820614758  0.84012142  0.822616342
  3.49999991E-05  0.909876809  0.909985955  0.818633215  0.818624328
  0.815778312  0.823834637  0.84315904  0.82573514
  3.9999999E-05  0.910507435  0.910620145  0.821393523  0.821383948
  0.818411237  0.826626288  0.84578343  0.828476966
  4.49999989E-05  0.911086823  0.911202718  0.823785287  0.823772704
  0.820685483  0.829111111  0.848104875  0.830884132
  4.99999987E-05  0.911622961  0.911741715  0.825900307  0.825884653
  0.82269108  0.831389375  0.850220447  0.833045123
  5.49999986E-05  0.912122608  0.912244007  0.827772748  0.827755821
  0.824460308  0.833484128  0.852155353  0.834985026
  5.99999985E-05  0.912595515  0.912719524  0.829383323  0.829366124
  0.825975905  0.835307288  0.853843255  0.836654469
  6.49999984E-05  0.913037245  0.913163698  0.83096611  0.830948677
  0.827465554  0.837099514  0.855509496  0.838295684
  6.99999982E-05  0.913461995  0.913590765  0.83237466  0.83235655  0.82879088
  0.838664082  0.856970472  0.839747167
  7.49999981E-05  0.913862308  0.913993216  0.83376451  0.833745739
  0.830097876  0.840213651  0.858420557  0.841181343
  7.9999998E-05  0.914248706  0.914381628  0.834986629  0.834967265
  0.831241801  0.841582159  0.859698864  0.842441391
  8.49999979E-05  0.91461296  0.914747777  0.836243637  0.836223663
  0.832419512  0.84299373  0.861021835  0.843739807
  8.99999977E-05  0.914970943  0.915107572  0.837305897  0.837285207
  0.833410904  0.844182712  0.862136515  0.844834019
  9.49999976E-05  0.915309966  0.915448316  0.838407608  0.838386192
  0.834440306  0.84541945  0.86329952  0.84597101
  9.99999975E-05  0.915639405  0.915779395  0.839433444  0.839411224
  0.835398837  0.846567858  0.864377679  0.847032918
  0.000149999996  0.918443074  0.918596602  0.847347521  0.847315067
  0.842733618  0.855887313  0.872931666  0.855426166
  0.000199999995  0.920673738  0.920837377  0.85278545  0.852744572
  0.847714031  0.862793245  0.87910896  0.861342435
  0.000249999994  0.922561642  0.922733486  0.857190314  0.857145558
  0.851741529  0.868292524  0.884080499  0.866100146
  0.000299999992  0.924203118  0.924381793  0.860880704  0.860833098
  0.855091104  0.872968627  0.888302203  0.870114924
  0.000349999991  0.92568246  0.925866945  0.863890608  0.86383822  0.857807439
  0.876937078  0.891815077  0.873443033
  0.00039999999  0.927023648  0.927213195  0.866538883  0.866479013
  0.860188081  0.880496386  0.894937027  0.876392874
  0.000449999989  0.928258059  0.928452172  0.868881595  0.868812638
  0.862285854  0.883680937  0.897731672  0.8790211
  0.000499999987  0.929413709  0.929611943  0.870846942  0.87077116
  0.864028935  0.886512658  0.900223844  0.881265748
  0.000549999986  0.930490631  0.930692569  0.87266255  0.872580785
  0.865633149  0.889166988  0.902563927  0.883328429
  0.000599999985  0.931496163  0.931701437  0.874391334  0.874304111
  0.867157229  0.89171518  0.904814249  0.885276948
  0.000649999984  0.932465236  0.932673608  0.876097241  0.876002321
  0.868691696  0.893894041  0.906714888  0.887117863
  0.000699999982  0.933371932  0.933583121  0.87783326  0.877730832
  0.870258702  0.89612156  0.908659735  0.888996636
  0.000749999981  0.934252247  0.934466073  0.879311202  0.879204237
  0.871587125  0.89805942  0.91032911  0.890610573
  0.00079999998  0.935079397  0.93529564  0.880839878  0.880728205  0.872965474
  0.900078524  0.912073543  0.892286617
  0.000849999979  0.935889188  0.936107702  0.882137166  0.882019593
  0.874126962  0.901778018  0.91353123  0.89372184
  0.000899999977  0.936653808  0.936874411  0.883490319  0.883366687
  0.875342781  0.903564565  0.915068483  0.89522364
  0.000949999976  0.93740162  0.937624198  0.884600538  0.884469643
  0.876319466  0.90517434  0.916440623  0.896489656
  0.00100000005  0.938123636  0.938348066  0.885607319  0.885468449
  0.877193205  0.906726979  0.917757844  0.897659586
  0.00150000007  0.944298212  0.944536144  0.894240616  0.894072773
  0.884791812  0.919710763  0.928729062  0.907558299
  0.00200000009  0.949259073  0.949504696  0.900631318  0.9004592  0.890440871
  0.929446089  0.93692699  0.914959191
  0.00250000012  0.953475644  0.953725547  0.905319424  0.905119798
  0.894483925  0.937389181  0.943571487  0.920568832
  0.00300000014  0.957202358  0.9574543  0.909317799  0.909086736  0.89798929
  0.943960204  0.949040529  0.925223884
  0.00350000017  0.960550907  0.960803303  0.913145211  0.912892208  0.90145345
  0.949728742  0.953823828  0.929558355
  0.00400000019  0.963616148  0.963867814  0.916506977  0.916236611
  0.904515168  0.954860647  0.958031089  0.933425211
  0.00450000021  0.966449519  0.966699494  0.91930709  0.919019177  0.907028757
  0.959532064  0.96180121  0.936752033
  0.00500000024  0.969085322  0.969332836  0.921739967  0.921434046
  0.909192584  0.963915715  0.965284689  0.9397127
  0.00550000026  0.971583818  0.971828253  0.923941977  0.923619567
  0.911183892  0.967870259  0.968361444  0.942403343
  0.00600000028  0.973949533  0.974190388  0.925969439  0.92563181  0.913024388
  0.971569068  0.971200737  0.94490333
  0.00650000031  0.976168991  0.976405772  0.927969043  0.927616915
  0.914852711  0.975290169  0.97403574  0.947383269
  0.00700000033  0.978332685  0.978565085  0.929599708  0.929237171
  0.916328307  0.978455833  0.976403086  0.94945369
  0.00750000036  0.980357286  0.980584903  0.93130851  0.930936031  0.917890502
  0.981854813  0.978945159  0.95162826
  0.00800000038  0.9823543  0.982576956  0.93270328  0.932321046  0.919175724
  0.984727553  0.981050856  0.953476949
  0.0085000004  0.984236205  0.984453569  0.934171969  0.933780294  0.920542538
  0.987817891  0.98331682  0.955423862
  0.00900000043  0.986084203  0.986296135  0.935264561  0.934855782
  0.921499874  0.990571439  0.985319243  0.956958766
  0.00950000045  0.987859334  0.988065589  0.936265862  0.935837229
  0.922354625  0.993329478  0.987318298  0.958403004
  0.00999999978  0.989560898  0.989761273  0.93730353  0.936855531  0.923258495
  0.996161737  0.989364564  0.959870788
  0.0149999997  1.0044587  1.00459461  0.951388478  0.950906481  0.938288213
  1.01992858  1.00560928  0.975432504
  0.0199999996  1.01645283  1.01651911  0.966695735  0.966309403  0.956374284
  1.03960101  1.01834872  0.991192491
  0.0249999994  1.02635887  1.02635656  0.97649711  0.976163871  0.968445367
  1.05554793  1.02932795  1.00219939
  0.0299999993  1.03441534  1.03434747  0.984175625  0.98390495  0.978347324
  1.0689399  1.03993375  1.01082804
  0.0349999992  1.04102984  1.04090121  0.991263408  0.991093069  0.987834405
  1.07876972  1.04964676  1.01826508
  0.0399999991  1.04635666  1.04617339  0.997405463  0.997352832  0.996310813
  1.08510172  1.05748751  1.02444072
  0.044999999  1.05052498  1.05029365  1.00220193  1.0022639  1.00315077
  1.08856196  1.06365286  1.02918083
  0.0499999989  1.05371343  1.05343964  1.00612366  1.00630135  1.00890346
  1.08991984  1.06857891  1.03293247
  0.0549999988  1.05615368  1.05584142  1.00949018  1.00978676  1.01397302
  1.08969996  1.07264382  1.03601057
  0.0599999987  1.05786507  1.05751993  1.01218094  1.01258962  1.01812996
  1.08770506  1.07555681  1.03834185
  0.0649999985  1.05883683  1.05846456  1.01404941  1.01454933  1.02111245
  1.08430232  1.07723687  1.039868
  0.0699999984  1.05955348  1.05915589  1.01573722  1.01633144  1.02388385
  1.07989666  1.07856087  1.04115657
  0.0749999983  1.05954152  1.05912453  1.01639811  1.01705124  1.02507357
  1.07474155  1.07841337  1.04157074
  0.0799999982  1.05945865  1.05902365  1.01700525  1.01772187  1.02621286
  1.06870411  1.07805711  1.0419075
  0.0849999981  1.05902119  1.05856964  1.01680672  1.01755414  1.02608887
  1.06301755  1.07666646  1.04178956
  0.089999998  1.05849691  1.05803045  1.01633343  1.01710119  1.02553921
  1.05683912  1.07480106  1.0415349
  0.0949999979  1.05771924  1.05723992  1.01558791  1.0163606  1.02454175
  1.05073922  1.07249169  1.04105909
  0.100000001  1.05646342  1.05597479  1.01433815  1.01508197  1.02268724
  1.04593756  1.06954267  1.04016506
  0.150000002  1.04041708  1.03989086  1.00245751  1.00262691  1.0040383
  1.00826241  1.02738202  1.02967519
  0.200000003  1.0240252  1.02346484  0.998289435  0.998174994  0.99714624
  0.993896255  0.993315753  1.02018226
  0.250000004  1.00537762  1.00480709  0.997655005  0.997537238  0.996118218
  0.991509394  0.983668408  1.00755689
  0.300000004  0.983131189  0.982595314  0.997242227  0.997167168  0.995527532
  0.990177256  0.977594817  0.989380826
  0.350000005  0.959232708  0.958739324  0.996893279  0.996871019  0.995094679
  0.98933711  0.972014479  0.967583415
  0.400000006  0.934821789  0.934399059  0.996589319  0.996622654  0.994784474
  0.988903819  0.966888918  0.943793236
  0.450000007  0.911084948  0.910757086  0.996348058  0.996434186  0.994616703
  0.98891783  0.962520044  0.919582172
  0.500000007  0.889117868  0.888900499  0.99620846  0.996338592  0.994630354
  0.98944585  0.959269859  0.896398235
  0.550000008  0.87020008  0.870095408  0.996220651  0.996379959  0.994860215
  0.990543906  0.957657465  0.875693799
  0.600000009  0.856159997  0.85616451  0.996439146  0.996608046  0.995325391
  0.992196402  0.958231155  0.859469848
  0.65000001  0.84798534  0.848128035  0.996992054  0.997146706  0.99618414
  0.994617626  0.96170902  0.848567176
  0.70000001  0.849260233  0.849578347  0.998591776  0.998657136  0.998339464
  0.998195881  0.969828005  0.845989262
  0.750000011  0.871351712  0.871883231  1.00278729  1.00278728  1.00278735
  1.00278735  0.985879147  0.861258521
  0.800000012  0.94714091  0.947807974  1.00675094  1.00675094  1.00675094
  1.00675094  1.01075412  0.932000509
  0.850000013  1.08097817  1.08167631  1.008452  1.008452  1.008452  1.008452
  1.04182416  1.06568204
  0.900000013  1.27602989  1.27652811  1.00178838  1.00178837  1.00178838
  1.00178838  1.07733761  1.26469526
  0.950000014  1.54228853  1.54241793  0.920482503  0.920482422  0.920482714
  0.920482714  1.11040552  1.53839151
  4096.
  9.99999975E-06  0.90676702  0.906860952  0.810402482  0.810402355
  0.809050525  0.813950278  0.838016544  0.816183482
  1.49999996E-05  0.90826474  0.908368346  0.817987202  0.81798609  0.816425049
  0.821595529  0.845295119  0.823699334
  1.99999995E-05  0.909447395  0.909558431  0.823125934  0.823121166
  0.821390877  0.827101785  0.850508659  0.828934185
  2.49999994E-05  0.910437955  0.910555071  0.827032514  0.82702489
  0.825154787  0.831402766  0.85458283  0.832945426
  2.99999992E-05  0.911296781  0.911418975  0.830306077  0.830298096
  0.828305826  0.834924235  0.857926479  0.836259701
  3.49999991E-05  0.912060468  0.912187052  0.833232307  0.833225072
  0.831124306  0.837955034  0.860795929  0.839187941
  3.9999999E-05  0.912750828  0.912881374  0.835787319  0.835779296
  0.833579534  0.840586503  0.863280482  0.841747206
  4.49999989E-05  0.913383814  0.913517885  0.838010601  0.838000349
  0.835710736  0.842929471  0.865481979  0.843998054
  4.99999987E-05  0.913968472  0.91410574  0.839992104  0.839979679
  0.837606365  0.845076857  0.867490903  0.846027677
  5.49999986E-05  0.914512563  0.914652782  0.841762557  0.8417492  0.83929583
  0.847049865  0.869330308  0.847860182
  5.99999985E-05  0.915026795  0.915169886  0.843291495  0.843277836
  0.840750442  0.848767912  0.870933174  0.849443858
  6.49999984E-05  0.915506845  0.915652614  0.844796685  0.84478274
  0.842182532  0.850460678  0.872518396  0.851003917
  6.99999982E-05  0.915967386  0.916115685  0.846127855  0.846113335
  0.843447927  0.851939455  0.873904116  0.852377806
  7.49999981E-05  0.916401244  0.916551887  0.847444203  0.847429116
  0.844698773  0.853406754  0.875282578  0.853738388
  7.9999998E-05  0.916819384  0.916972231  0.848601202  0.848585583
  0.845794194  0.854702085  0.876496284  0.85493443
  8.49999979E-05  0.917213594  0.917368509  0.849794221  0.84977805
  0.846924642  0.856041171  0.877755797  0.856169802
  8.99999977E-05  0.917600094  0.917756992  0.850797163  0.850780372
  0.847871798  0.857166217  0.878809069  0.857207338
  9.49999976E-05  0.917966232  0.918124999  0.851840055  0.851822624
  0.848857665  0.858339018  0.879911184  0.858287981
  9.99999975E-05  0.918321402  0.918481975  0.852807635  0.852789512
  0.849771904  0.85942762  0.880930913  0.85929316
  0.000149999996  0.921333298  0.921508525  0.860328247  0.860301794
  0.856833392  0.868268622  0.889068922  0.867260657
  0.000199999995  0.923715576  0.923901664  0.865570536  0.865537445
  0.861712658  0.874810414  0.894972825  0.872931281
  0.000249999994  0.925722254  0.925917067  0.869779789  0.869743315
  0.865620257  0.880020667  0.899684632  0.877469594
  0.000299999992  0.927461876  0.927663885  0.873307628  0.873268293
  0.868876232  0.884463662  0.9036891  0.881301758
  0.000349999991  0.929023633  0.92923174  0.87619968  0.876155918  0.871533688
  0.888229588  0.907027813  0.884485882
  0.00039999999  0.930436238  0.930649627  0.878747417  0.878697309
  0.873867382  0.891607138  0.910001374  0.887310491
  0.000449999989  0.931733745  0.931951855  0.880996372  0.880938966
  0.875920475  0.894629131  0.912657829  0.889820568
  0.000499999987  0.93294475  0.933167087  0.882911287  0.882848245
  0.877658028  0.897313378  0.915013128  0.891986329
  0.000549999986  0.934071622  0.934297739  0.884693559  0.884625412
  0.879272093  0.899832041  0.917222933  0.893994978
  0.000599999985  0.935122945  0.935352447  0.886400937  0.886327992
  0.880817062  0.902253448  0.919348333  0.895909014
  0.000649999984  0.936132978  0.936365603  0.888011485  0.887932384
  0.882289345  0.904319843  0.921139129  0.897656128
  0.000699999982  0.937077847  0.937313291  0.889653042  0.889567902
  0.883794255  0.906436959  0.922977578  0.899441945
  0.000749999981  0.9379924  0.938230471  0.891049499  0.890960369  0.88506942
  0.908273147  0.924550798  0.900974123
  0.00079999998  0.938851997  0.939092456  0.892497604  0.892404345
  0.886395422  0.910191314  0.926200779  0.902568734
  0.000849999979  0.939691386  0.939934079  0.893708997  0.893610763
  0.88749625  0.911802858  0.927573555  0.90391409
  0.000899999977  0.940484409  0.940729142  0.894976791  0.894873454
  0.888652062  0.913501338  0.929026599  0.905326154
  0.000949999976  0.941258058  0.941504707  0.896039569  0.8959305  0.889607771
  0.915028991  0.930321535  0.90653656
  0.00100000005  0.942004348  0.942252779  0.8970181  0.896902904  0.890480596
  0.916502033  0.931564896  0.907668127
  0.00150000007  0.948358177  0.948619125  0.90531501  0.905177402  0.897949373
  0.928815504  0.941890513  0.917184989
  0.00200000009  0.953427399  0.953694747  0.91138885  0.911245419  0.903424261
  0.938055173  0.949565896  0.924241757
  0.00250000012  0.957714352  0.957984571  0.915932071  0.915764999
  0.907457786  0.945600516  0.955773545  0.929673296
  0.00300000014  0.961485556  0.961756355  0.919788302  0.919595644
  0.910926649  0.951844388  0.960864423  0.934189119
  0.00350000017  0.964862795  0.965132567  0.923390666  0.923179843
  0.914239115  0.957335896  0.965309389  0.938321607
  0.00400000019  0.967944061  0.968211609  0.926531837  0.926306299
  0.917139634  0.962226502  0.969216009  0.941980043
  0.00450000021  0.970784607  0.97104899  0.929179192  0.928938933  0.919562354
  0.96668124  0.972719898  0.945156807
  0.00500000024  0.97342167  0.973682114  0.931509592  0.931254452  0.921686717
  0.970863148  0.97596143  0.948015314
  0.00550000026  0.975913167  0.976169083  0.93360557  0.933336897  0.923621747
  0.974627132  0.978818392  0.950596813
  0.00600000028  0.978266414  0.978517313  0.935532052  0.935251015
  0.925406928  0.978147047  0.981456171  0.952990475
  0.00650000031  0.980473617  0.980719043  0.937434463  0.937141745
  0.927182001  0.981693725  0.984097347  0.955367416
  0.00700000033  0.982614809  0.982854457  0.938988619  0.938687243  0.92862344
  0.984702025  0.986292552  0.957352415
  0.00750000036  0.984621193  0.984854691  0.940625144  0.940315539
  0.930156357  0.987943078  0.988662024  0.959446771
  0.00800000038  0.986589053  0.986816257  0.941955839  0.941637671
  0.931410109  0.990667924  0.990610087  0.961205806
  0.0085000004  0.988446423  0.988666993  0.943363165  0.943036719  0.932748741
  0.993608629  0.992716863  0.963066189
  0.00900000043  0.990261704  0.990475546  0.944467307  0.944127246
  0.933766474  0.996218397  0.994562872  0.964586463
  0.00950000045  0.992004718  0.992211596  0.945506781  0.945151203
  0.934715257  0.998832787  0.99640442  0.96604248
  0.00999999978  0.993675427  0.99387516  0.946586275  0.946215771  0.935717245
  1.00152074  0.998293065  0.967529163
  0.0149999997  1.00815444  1.00827817  0.960228484  0.959846285  0.950408624
  1.02381895  1.01310764  0.98273247
  0.0199999996  1.01962321  1.01966767  0.974143337  0.973852156  0.966747478
  1.0419796  1.02461006  0.997255033
  0.0249999994  1.02892742  1.02889543  0.983136606  0.982903443  0.977779477
  1.0564087  1.03427706  1.00746314
  0.0299999993  1.03641336  1.03630928  0.990268607  0.990105311  0.986938847
  1.06830182  1.04329837  1.0155641
  0.0349999992  1.04246867  1.04229847  0.996711416  0.996649411  0.995512184
  1.07682084  1.05115598  1.02241341
  0.0399999991  1.04726159  1.0470324  1.00215762  1.00220949  1.00298468
  1.0821024  1.05726541  1.02795013
  0.044999999  1.05093539  1.05065461  1.00634016  1.00650162  1.00892129
  1.08475496  1.06185727  1.03211592
  0.0499999989  1.05367982  1.05335369  1.00969476  1.00996484  1.01382736
  1.08549714  1.06533329  1.03533473
  0.0549999988  1.05572717  1.05536024  1.0125139  1.01289361  1.01806998
  1.08479869  1.06801835  1.03790507
  0.0599999987  1.05709409  1.0566924  1.01467881  1.01515934  1.02142829
  1.08250614  1.06967843  1.03975384
  0.0649999985  1.05777713  1.05734662  1.01608015  1.01664081  1.02370024
  1.07901314  1.07030244  1.04085241
  0.0699999984  1.05823015  1.05777305  1.01728949  1.01793127  1.02573689
  1.0745781  1.0705447  1.04171887
  0.0749999983  1.05801947  1.05754158  1.01757709  1.01826619  1.02636412
  1.06963014  1.06964539  1.04180567
  0.0799999982  1.0577479  1.05725095  1.01778342  1.01852184  1.02689419
  1.06383335  1.06846899  1.04180907
  0.0849999981  1.05712485  1.05661052  1.01730455  1.01806211  1.02635329
  1.05847305  1.06655343  1.04140433
  0.089999998  1.05641538  1.05588567  1.01656254  1.01732799  1.0254061
  1.0526664  1.06419742  1.04086361
  0.0949999979  1.05548593  1.05494304  1.01559096  1.01634988  1.02408105
  1.04690832  1.06147578  1.04013954
  0.100000001  1.05413664  1.05358396  1.01424155  1.01496564  1.02210833
  1.04236585  1.05837902  1.03908688
  0.150000002  1.03774755  1.03715293  1.00197339  1.00210489  1.00318112
  1.00620729  1.01877507  1.02762083
  0.200000003  1.02099591  1.02036436  0.997773456  0.997631553  0.996354315
  0.992564571  0.989855554  1.01743383
  0.250000004  1.00195219  1.00131293  0.997027308  0.996887141  0.995166588
  0.989911085  0.980241174  1.00409598
  0.300000004  0.979546193  0.978948237  0.996506217  0.996419234  0.994429584
  0.988308848  0.973144096  0.985461497
  0.350000005  0.955785723  0.95523987  0.996068063  0.996045836  0.993890853
  0.987287356  0.96661823  0.963596916
  0.400000006  0.931706972  0.931243575  0.995687801  0.995733444  0.993504751
  0.986744011  0.960588301  0.940034953
  0.450000007  0.908447369  0.908091794  0.995388116  0.995497847  0.993296138
  0.986731889  0.955405443  0.916289115
  0.500000007  0.887066744  0.886835489  0.995216583  0.995379391  0.993311589
  0.987334032  0.951505503  0.893744966
  0.550000008  0.86886408  0.868760532  0.995235227  0.995432711  0.993593823
  0.988621991  0.949535904  0.873866836
  0.600000009  0.855665671  0.855688317  0.995511885  0.995719888  0.994170318
  0.990586559  0.950197447  0.858630091
  0.65000001  0.848558418  0.848738605  0.996216756  0.996404556  0.99525574
  0.993494175  0.954438889  0.848981666
  0.70000001  0.851427666  0.851806092  0.998238913  0.998314658  0.997952898
  0.997796908  0.964516956  0.848276285
  0.750000011  0.876328168  0.876938745  1.00337829  1.00337827  1.00337835
  1.00337835  0.984633206  0.867129907
  0.800000012  0.954014434  0.954761388  1.00838039  1.00838039  1.00838039
  1.00838039  1.01588945  0.940478248
  0.850000013  1.08772465  1.0884844  1.01110124  1.01110125  1.01110125
  1.01110125  1.05564809  1.07410079
  0.900000013  1.28099878  1.28153244  1.00548641  1.00548641  1.0054864
  1.0054864  1.10275999  1.27086647
  0.950000014  1.54402739  1.54416845  0.924777175  0.924777105  0.92477737
  0.92477737  1.14961672  1.54049052
  16384.
  9.99999975E-06  0.908268448  0.908374767  0.823630592  0.82363041
  0.822604736  0.826769801  0.852669119  0.828465916
  1.49999996E-05  0.909897365  0.910014287  0.830724537  0.830723333
  0.829531231  0.833996348  0.859586322  0.835542388
  1.99999995E-05  0.911177478  0.911302495  0.83559486  0.835590799
  0.834263973  0.839208306  0.864555533  0.840508297
  2.49999994E-05  0.912246284  0.912377893  0.839333516  0.839327353
  0.837888662  0.843287824  0.868446546  0.844342073
  2.99999992E-05  0.913171115  0.913308222  0.842457372  0.842450923
  0.840914209  0.846633965  0.871641279  0.847511775
  3.49999991E-05  0.91399171  0.914133583  0.845219913  0.845213826
  0.843589487  0.849514847  0.874383596  0.850291141
  3.9999999E-05  0.914732439  0.914878567  0.84762309  0.847616222  0.845911889
  0.852018593  0.876761023  0.852712907
  4.49999989E-05  0.915410489  0.915560425  0.849720972  0.849712381
  0.847935203  0.854248217  0.878869493  0.85484609
  4.99999987E-05  0.9160359  0.916189288  0.851600655  0.851590439  0.84974522
  0.8562914  0.880795099  0.856775489
  5.49999986E-05  0.916617287  0.916773854  0.853290136  0.853279189
  0.851368983  0.858168079  0.882559197  0.858524037
  5.99999985E-05  0.917166094  0.917325746  0.85475207  0.854740818
  0.852770688  0.859802477  0.884094571  0.860038415
  6.49999984E-05  0.91767821  0.917840719  0.856193376  0.856181829
  0.854152627  0.861415747  0.885615473  0.861532605
  6.99999982E-05  0.918168611  0.918333804  0.857462474  0.857450427
  0.855368051  0.862825063  0.886941926  0.862844522
  7.49999981E-05  0.918630451  0.918798125  0.858719648  0.858707096
  0.856571749  0.864225589  0.888263712  0.864146028
  7.9999998E-05  0.919075002  0.919245032  0.859823883  0.859810853
  0.857625857  0.865461224  0.889425654  0.865289991
  8.49999979E-05  0.919494165  0.919666385  0.860964943  0.860951418
  0.858715903  0.866741089  0.89063433  0.866473947
  8.99999977E-05  0.919904319  0.920078658  0.861920242  0.861906164
  0.859625795  0.867813926  0.891639878  0.867465176
  9.49999976E-05  0.920292954  0.920469273  0.862915782  0.86290114
  0.860574853  0.868934434  0.892694655  0.868499674
  9.99999975E-05  0.920669467  0.920847695  0.863837495  0.86382225
  0.861452943  0.869974164  0.893669768  0.869459701
  0.000149999996  0.923853201  0.924046878  0.871041355  0.871019131
  0.86828122  0.878422589  0.901478247  0.877089622
  0.000199999995  0.926359655  0.926564681  0.876106645  0.876078974
  0.873049017  0.884666464  0.907149851  0.882551613
  0.000249999994  0.928462973  0.92867703  0.880149425  0.880118741
  0.876843301  0.889639515  0.911653984  0.886907645
  0.000299999992  0.930282083  0.930503531  0.883540614  0.883507154
  0.880010955  0.893888716  0.915485  0.890589722
  0.000349999991  0.931910198  0.932137871  0.886328918  0.886291385
  0.882606037  0.897486494  0.918680719  0.893653166
  0.00039999999  0.933380105  0.933613142  0.888787443  0.888744423
  0.884888196  0.900713202  0.921528902  0.896372462
  0.000449999989  0.934727993  0.934965783  0.890955843  0.890906762
  0.88689528  0.903599916  0.924068744  0.898786164
  0.000499999987  0.935982969  0.936224988  0.892818601  0.892764726
  0.888612083  0.906161662  0.926312486  0.900881329
  0.000549999986  0.937149423  0.937395194  0.894558975  0.894500657
  0.890214263  0.908567362  0.928417156  0.902834119
  0.000599999985  0.938236979  0.938486093  0.896231298  0.896168737
  0.891753388  0.910882825  0.930442332  0.904703531
  0.000649999984  0.939279126  0.939531307  0.89776361  0.897695952
  0.893171142  0.912855207  0.932144359  0.906373637
  0.000699999982  0.940253973  0.940508902  0.899327836  0.899255131
  0.894621963  0.914879871  0.933896469  0.90808332
  0.000749999981  0.941195198  0.941452669  0.900656612  0.900580388
  0.895849836  0.916631492  0.935391496  0.909547622
  0.00079999998  0.942080147  0.942339914  0.902037886  0.901958011
  0.897129472  0.918465489  0.936964353  0.911074877
  0.000849999979  0.942942409  0.943204311  0.903183437  0.903099319
  0.898183009  0.920003397  0.938267803  0.912352401
  0.000899999977  0.943757475  0.944021311  0.904385718  0.904297235
  0.899292023  0.921627921  0.939651786  0.913696731
  0.000949999976  0.944550984  0.944816625  0.905407216  0.905314061
  0.900225292  0.923086742  0.940882867  0.91486057
  0.00100000005  0.945315877  0.945583183  0.906356719  0.906258695
  0.901088229  0.92449305  0.942064707  0.91595624
  0.00150000007  0.951804981  0.952083447  0.91434374  0.914227707  0.908394086
  0.936246585  0.951857351  0.925131984
  0.00200000009  0.956952769  0.957236133  0.920148811  0.9200263  0.913704571
  0.945070018  0.959106487  0.931901577
  0.00250000012  0.961288191  0.961572896  0.924547517  0.924404434
  0.917689837  0.952279935  0.964956916  0.937164949
  0.00300000014  0.965087375  0.965371134  0.92826271  0.928098254  0.921092748
  0.958247125  0.969739719  0.941539921
  0.00350000017  0.968480266  0.968761487  0.93167576  0.931495946  0.924270456
  0.963502261  0.973909961  0.945498352
  0.00400000019  0.971567294  0.971844816  0.934638585  0.934446139
  0.927038111  0.968185549  0.97757215  0.948987525
  0.00450000021  0.974406764  0.97467967  0.937157052  0.936952078  0.92937797
  0.972453274  0.980857299  0.952037153
  0.00500000024  0.977038306  0.977305865  0.939393786  0.939176311
  0.931454366  0.976460755  0.983897868  0.954801004
  0.00550000026  0.979517638  0.979779283  0.941395894  0.941167126
  0.933332236  0.980061039  0.986571698  0.957285863
  0.00600000028  0.981854448  0.982109731  0.943234417  0.942995421
  0.935063344  0.98342714  0.989039906  0.959587469
  0.00650000031  0.984045863  0.984294345  0.94505247  0.944803899  0.936786841
  0.986823344  0.991516195  0.96187584
  0.00700000033  0.986162672  0.986404103  0.946539462  0.946283619
  0.938192043  0.989695526  0.993563685  0.963786322
  0.00750000036  0.988148753  0.988382779  0.948111734  0.947849032
  0.939692171  0.9927991  0.995783337  0.965809841
  0.00800000038  0.990087024  0.990313516  0.949389026  0.94911891  0.940917323
  0.9953958  0.997594105  0.96749804
  0.0085000004  0.991919045  0.992137697  0.950744887  0.950467641  0.942229852
  0.998206128  0.999560723  0.969289924
  0.00900000043  0.993702209  0.993912968  0.951845938  0.951557726
  0.943278258  1.00069131  1.00127168  0.970787563
  0.00950000045  0.99541383  0.995616475  0.95290023  0.95259972  0.944279681
  1.00318108  1.00297739  0.972238089
  0.00999999978  0.997054423  0.9972488  0.953996488  0.95368432  0.945336265
  1.0057437  1.00472963  0.973723494
  0.0149999997  1.01114498  1.01125335  0.967147982  0.96683973  0.959590563
  1.02679859  1.01831755  0.988486778
  0.0199999996  1.02214689  1.02216793  0.979934271  0.979713921  0.974552156
  1.043703  1.02872258  1.00200137
  0.0249999994  1.03093344  1.03087172  0.98824286  0.988083934  0.984724964
  1.05688674  1.03723303  1.01152228
  0.0299999993  1.0379326  1.03779367  0.994874856  0.994790207  0.993223504
  1.06756294  1.04492062  1.01911264
  0.0349999992  1.04351626  1.04330716  1.00075556  1.00077169  1.00102394
  1.07502366  1.05132327  1.02541672
  0.0399999991  1.0478635  1.04759221  1.00562005  1.00574598  1.00768024
  1.07945751  1.05609772  1.03039447
  0.044999999  1.05112831  1.05080289  1.00929266  1.00952306  1.01288687
  1.08145798  1.05949215  1.03406355
  0.0499999989  1.0535081  1.0531353  1.01217987  1.01251219  1.01711379
  1.08170173  1.06187727  1.03682812
  0.0549999988  1.05523352  1.05481835  1.01455143  1.01498496  1.0206978
  1.08061354  1.0635329  1.03897134
  0.0599999987  1.05631899  1.05586777  1.01629302  1.01681758  1.02342928
  1.07807683  1.06427405  1.04042334
  0.0649999985  1.05676706  1.05628587  1.01732514  1.01792032  1.02515325
  1.07450368  1.06414224  1.04117919
  0.0699999984  1.05700461  1.056496  1.01815686  1.01882198  1.02662404
  1.07003475  1.0636125  1.04170856
  0.0749999983  1.05662985  1.0560995  1.01816078  1.01886372  1.02683367
  1.06523714  1.06220651  1.04154228
  0.0799999982  1.0562009  1.0556508  1.0180612  1.01880195  1.02690957
  1.05961441  1.0604739  1.04128652
  0.0849999981  1.05542998  1.054862  1.01737749  1.01812823  1.02607156
  1.05449577  1.05823006  1.04067109
  0.089999998  1.05457368  1.05399007  1.01644174  1.01719082  1.02484539
  1.0489656  1.05557685  1.03992271
  0.0949999979  1.05352351  1.05292658  1.01530897  1.01604277  1.02329342
  1.04346555  1.05261628  1.03901982
  0.100000001  1.05210072  1.05149363  1.01389752  1.01459224  1.02125355
  1.03912992  1.04947797  1.03785951
  0.150000002  1.03541524  1.03476258  1.00146479  1.00155975  1.0023248
  1.0043793  1.01227846  1.02576018
  0.200000003  1.01834879  1.01765739  0.997278163  0.997111784  0.995608838
  0.99135592  0.986888486  1.01504099
  0.250000004  0.998979857  0.998283662  0.996432218  0.996272945  0.994280905
  0.988471861  0.977067293  1.00111608
  0.300000004  0.976455592  0.975806996  0.995812484  0.995716181  0.993413089
  0.986636253  0.969060316  0.98211619
  0.350000005  0.952830669  0.952242751  0.995294095  0.995273352  0.992780967
  0.985459801  0.96169844  0.960218383
  0.400000006  0.929051109  0.928555905  0.99484597  0.994904009  0.992328885
  0.984823746  0.954867757  0.936869382
  0.450000007  0.906213161  0.905836923  0.994495455  0.99462749  0.992086355
  0.984792756  0.948963362  0.913533035
  0.500000007  0.88534938  0.885109356  0.994297941  0.994490848  0.992106648
  0.985464874  0.94448977  0.891547173
  0.550000008  0.867776805  0.86767739  0.994326543  0.994558619  0.992440146
  0.986926228  0.94221554  0.872388234
  0.600000009  0.855323855  0.855365291  0.994661704  0.994904581  0.993123449
  0.989173957  0.942988166  0.858017474
  0.65000001  0.849167553  0.849383172  0.995517523  0.99573367  0.994429855
  0.992523578  0.94798342  0.849477907
  0.70000001  0.853457439  0.853890402  0.997952411  0.998035048  0.99764569
  0.997484033  0.959963769  0.850437376
  0.750000011  0.880764217  0.881443343  1.0039653  1.00396528  1.00396537
  1.00396537  0.984002931  0.872323262
  0.800000012  0.960008807  0.960823246  1.00992707  1.00992707  1.00992707
  1.00992707  1.02139178  0.947779839
  0.850000013  1.09355966  1.09437084  1.01364532  1.01364532  1.01364532
  1.01364532  1.06963198  1.08129068
  0.900000013  1.28528668  1.28584986  1.00920872  1.00920872  1.00920871
  1.00920871  1.12845362  1.27613432
  0.950000014  1.54553702  1.54568797  0.931242391  0.931242318  0.931242553
  0.931242553  1.19018228  1.54230233
