  0.100000E+01  0.105705E+01  0.111736E+01  0.118111E+01  0.124849E+01
  0.131972E+01  0.139501E+01  0.147460E+01  0.155873E+01  0.164766E+01
  0.174166E+01  0.184103E+01  0.194606E+01  0.205709E+01  0.217445E+01
  0.229851E+01  0.242964E+01  0.256826E+01  0.271478E+01  0.286967E+01
  0.303339E+01  0.320645E+01  0.338938E+01  0.358275E+01  0.378716E+01
  0.400322E+01  0.423161E+01  0.447304E+01  0.472823E+01  0.499799E+01
  0.528313E+01  0.558455E+01  0.590316E+01  0.623994E+01  0.659595E+01
  0.697226E+01  0.737004E+01  0.779052E+01  0.823498E+01  0.870480E+01
  0.920143E+01  0.972639E+01  0.102813E+02  0.108679E+02  0.114879E+02
  0.121433E+02  0.128361E+02  0.135684E+02  0.143426E+02  0.151608E+02
  0.160258E+02  0.169401E+02  0.179066E+02  0.189282E+02  0.200081E+02
  0.211496E+02  0.223562E+02  0.236316E+02  0.249799E+02  0.264050E+02
  0.279115E+02  0.295039E+02  0.311872E+02  0.329665E+02  0.348473E+02
  0.368354E+02  0.389369E+02  0.411583E+02  0.435065E+02  0.459886E+02
  0.486124E+02  0.513858E+02  0.543175E+02  0.574164E+02  0.606922E+02
  0.641548E+02  0.678149E+02  0.716839E+02  0.757736E+02  0.800967E+02
  0.846664E+02  0.894967E+02  0.946027E+02  0.100000E+03  0.105705E+03
  0.111736E+03  0.118111E+03  0.124849E+03  0.131972E+03  0.139501E+03
  0.147460E+03  0.155873E+03  0.164766E+03  0.174166E+03  0.184103E+03
  0.194606E+03  0.205709E+03  0.217445E+03  0.229851E+03  0.242964E+03
  0.256826E+03  0.271478E+03  0.286967E+03  0.303339E+03  0.320645E+03
  0.338938E+03  0.358275E+03  0.378716E+03  0.400322E+03  0.423161E+03
  0.447304E+03  0.472823E+03  0.499799E+03  0.528313E+03  0.558455E+03
  0.590316E+03  0.623994E+03  0.659595E+03  0.697226E+03  0.737004E+03
  0.779052E+03  0.823498E+03  0.870480E+03  0.920143E+03  0.972639E+03
  0.102813E+04  0.108679E+04  0.114879E+04  0.121433E+04  0.128361E+04
  0.135684E+04  0.143426E+04  0.151608E+04  0.160258E+04  0.169401E+04
  0.179066E+04  0.189282E+04  0.200081E+04  0.211496E+04  0.223562E+04
  0.236316E+04  0.249799E+04  0.264050E+04  0.279115E+04  0.295039E+04
  0.311872E+04  0.329665E+04  0.348473E+04  0.368354E+04  0.389369E+04
  0.411583E+04  0.435065E+04  0.459886E+04  0.486124E+04  0.513858E+04
  0.543175E+04  0.574164E+04  0.606922E+04  0.641548E+04  0.678149E+04
  0.716839E+04  0.757736E+04  0.800967E+04  0.846664E+04  0.894967E+04
  0.946027E+04  0.100000E+05  0.105705E+05  0.111736E+05  0.118111E+05
  0.124849E+05  0.131972E+05  0.139501E+05  0.147460E+05  0.155873E+05
  0.164766E+05  0.174166E+05  0.184103E+05  0.194606E+05  0.205709E+05
  0.217445E+05  0.229851E+05  0.242964E+05  0.256826E+05  0.271478E+05
  0.286967E+05  0.303339E+05  0.320645E+05  0.338938E+05  0.358275E+05
  0.378716E+05  0.400322E+05  0.423161E+05  0.447304E+05  0.472823E+05
  0.499799E+05  0.528313E+05  0.558455E+05  0.590316E+05  0.623994E+05
  0.659595E+05  0.697226E+05  0.737004E+05  0.779052E+05  0.823498E+05
  0.870480E+05  0.920143E+05  0.972639E+05  0.102813E+06  0.108679E+06
  0.114879E+06  0.121433E+06  0.128361E+06  0.135684E+06  0.143426E+06
  0.151608E+06  0.160258E+06  0.169401E+06  0.179066E+06  0.189282E+06
  0.200081E+06  0.211496E+06  0.223562E+06  0.236316E+06  0.249799E+06
  0.264050E+06  0.279115E+06  0.295039E+06  0.311872E+06  0.329665E+06
  0.348473E+06  0.368354E+06  0.389369E+06  0.411583E+06  0.435065E+06
  0.459886E+06  0.486124E+06  0.513858E+06  0.543175E+06  0.574164E+06
  0.606922E+06  0.641548E+06  0.678149E+06  0.716839E+06  0.757736E+06
  0.800967E+06  0.846664E+06  0.894967E+06  0.946027E+06  0.100000E+07
