  0.490000E-01  0.509058E-01  0.528116E-01  0.547174E-01  0.566232E-01
  0.585291E-01  0.604349E-01  0.623407E-01  0.642465E-01  0.661523E-01
  0.680581E-01  0.699639E-01  0.718697E-01  0.737756E-01  0.756814E-01
  0.775872E-01  0.794930E-01  0.813988E-01  0.833046E-01  0.852104E-01
  0.871162E-01  0.890220E-01  0.909279E-01  0.928337E-01  0.947395E-01
  0.966453E-01  0.985511E-01  0.100457E+00  0.102363E+00  0.104269E+00
  0.106174E+00  0.108080E+00  0.109986E+00  0.111892E+00  0.113798E+00
  0.115703E+00  0.117609E+00  0.119515E+00  0.121421E+00  0.123327E+00
  0.125232E+00  0.127138E+00  0.129044E+00  0.130950E+00  0.132856E+00
  0.134762E+00  0.136667E+00  0.138573E+00  0.140479E+00  0.142385E+00
  0.144291E+00  0.146196E+00  0.148102E+00  0.150008E+00  0.151914E+00
  0.153820E+00  0.155725E+00  0.157631E+00  0.159537E+00  0.161443E+00
  0.163349E+00  0.165255E+00  0.167160E+00  0.169066E+00  0.170972E+00
  0.172878E+00  0.174784E+00  0.176689E+00  0.178595E+00  0.180501E+00
  0.182407E+00  0.184313E+00  0.186218E+00  0.188124E+00  0.190030E+00
  0.191936E+00  0.193842E+00  0.195747E+00  0.197653E+00  0.199559E+00
  0.201465E+00  0.203371E+00  0.205277E+00  0.207182E+00  0.209088E+00
  0.210994E+00  0.212900E+00  0.214806E+00  0.216711E+00  0.218617E+00
  0.220523E+00  0.222429E+00  0.224335E+00  0.226240E+00  0.228146E+00
  0.230052E+00  0.231958E+00  0.233864E+00  0.235770E+00  0.237675E+00
  0.239581E+00  0.241487E+00  0.243393E+00  0.245299E+00  0.247204E+00
  0.249110E+00  0.251016E+00  0.252922E+00  0.254828E+00  0.256733E+00
  0.258639E+00  0.260545E+00  0.262451E+00  0.264357E+00  0.266263E+00
  0.268168E+00  0.270074E+00  0.271980E+00  0.273886E+00  0.275792E+00
  0.277697E+00  0.279603E+00  0.281509E+00  0.283415E+00  0.285321E+00
  0.287226E+00  0.289132E+00  0.291038E+00  0.292944E+00  0.294850E+00
  0.296756E+00  0.298661E+00  0.300567E+00  0.302473E+00  0.304379E+00
  0.306285E+00  0.308190E+00  0.310096E+00  0.312002E+00  0.313908E+00
  0.315814E+00  0.317719E+00  0.319625E+00  0.321531E+00  0.323437E+00
  0.325343E+00  0.327248E+00  0.329154E+00  0.331060E+00  0.332966E+00
  0.334872E+00  0.336778E+00  0.338683E+00  0.340589E+00  0.342495E+00
  0.344401E+00  0.346307E+00  0.348212E+00  0.350118E+00  0.352024E+00
  0.353930E+00  0.355836E+00  0.357741E+00  0.359647E+00  0.361553E+00
  0.363459E+00  0.365365E+00  0.367271E+00  0.369176E+00  0.371082E+00
  0.372988E+00  0.374894E+00  0.376800E+00  0.378705E+00  0.380611E+00
  0.382517E+00  0.384423E+00  0.386329E+00  0.388234E+00  0.390140E+00
  0.392046E+00  0.393952E+00  0.395858E+00  0.397764E+00  0.399669E+00
  0.401575E+00  0.403481E+00  0.405387E+00  0.407293E+00  0.409198E+00
  0.411104E+00  0.413010E+00  0.414916E+00  0.416822E+00  0.418727E+00
  0.420633E+00  0.422539E+00  0.424445E+00  0.426351E+00  0.428257E+00
  0.430162E+00  0.432068E+00  0.433974E+00  0.435880E+00  0.437786E+00
  0.439691E+00  0.441597E+00  0.443503E+00  0.445409E+00  0.447315E+00
  0.449220E+00  0.451126E+00  0.453032E+00  0.454938E+00  0.456844E+00
  0.458749E+00  0.460655E+00  0.462561E+00  0.464467E+00  0.466373E+00
  0.468279E+00  0.470184E+00  0.472090E+00  0.473996E+00  0.475902E+00
  0.477808E+00  0.479713E+00  0.481619E+00  0.483525E+00  0.485431E+00
  0.487337E+00  0.489242E+00  0.491148E+00  0.493054E+00  0.494960E+00
  0.496866E+00  0.498772E+00  0.500677E+00  0.502583E+00  0.504489E+00
  0.506395E+00  0.508301E+00  0.510206E+00  0.512112E+00  0.514018E+00
  0.515924E+00  0.517830E+00  0.519735E+00  0.521641E+00  0.523547E+00
  0.525453E+00  0.527359E+00  0.529265E+00  0.531170E+00  0.533076E+00
  0.534982E+00  0.536888E+00  0.538794E+00  0.540699E+00  0.542605E+00
  0.544511E+00  0.546417E+00  0.548323E+00  0.550228E+00  0.552134E+00
  0.554040E+00  0.555946E+00  0.557852E+00  0.559758E+00  0.561663E+00
  0.563569E+00  0.565475E+00  0.567381E+00  0.569287E+00  0.571192E+00
  0.573098E+00  0.575004E+00  0.576910E+00  0.578816E+00  0.580721E+00
  0.582627E+00  0.584533E+00  0.586439E+00  0.588345E+00  0.590251E+00
  0.592156E+00  0.594062E+00  0.595968E+00  0.597874E+00  0.599780E+00
  0.601685E+00  0.603591E+00  0.605497E+00  0.607403E+00  0.609309E+00
  0.611214E+00  0.613120E+00  0.615026E+00  0.616932E+00  0.618838E+00
  0.620743E+00  0.622649E+00  0.624555E+00  0.626461E+00  0.628367E+00
  0.630273E+00  0.632178E+00  0.634084E+00  0.635990E+00  0.637896E+00
  0.639802E+00  0.641707E+00  0.643613E+00  0.645519E+00  0.647425E+00
  0.649331E+00  0.651236E+00  0.653142E+00  0.655048E+00  0.656954E+00
  0.658860E+00  0.660766E+00  0.662671E+00  0.664577E+00  0.666483E+00
  0.668389E+00  0.670295E+00  0.672200E+00  0.674106E+00  0.676012E+00
  0.677918E+00  0.679824E+00  0.681729E+00  0.683635E+00  0.685541E+00
  0.687447E+00  0.689353E+00  0.691259E+00  0.693164E+00  0.695070E+00
  0.696976E+00  0.698882E+00  0.700788E+00  0.702693E+00  0.704599E+00
  0.706505E+00  0.708411E+00  0.710317E+00  0.712222E+00  0.714128E+00
  0.716034E+00  0.717940E+00  0.719846E+00  0.721752E+00  0.723657E+00
  0.725563E+00  0.727469E+00  0.729375E+00  0.731281E+00  0.733186E+00
  0.735092E+00  0.736998E+00  0.738904E+00  0.740810E+00  0.742715E+00
  0.744621E+00  0.746527E+00  0.748433E+00  0.750339E+00  0.752244E+00
  0.754150E+00  0.756056E+00  0.757962E+00  0.759868E+00  0.761774E+00
  0.763679E+00  0.765585E+00  0.767491E+00  0.769397E+00  0.771303E+00
  0.773208E+00  0.775114E+00  0.777020E+00  0.778926E+00  0.780832E+00
  0.782737E+00  0.784643E+00  0.786549E+00  0.788455E+00  0.790361E+00
  0.792267E+00  0.794172E+00  0.796078E+00  0.797984E+00  0.799890E+00
  0.801796E+00  0.803701E+00  0.805607E+00  0.807513E+00  0.809419E+00
  0.811325E+00  0.813230E+00  0.815136E+00  0.817042E+00  0.818948E+00
  0.820854E+00  0.822760E+00  0.824665E+00  0.826571E+00  0.828477E+00
  0.830383E+00  0.832289E+00  0.834194E+00  0.836100E+00  0.838006E+00
  0.839912E+00  0.841818E+00  0.843723E+00  0.845629E+00  0.847535E+00
  0.849441E+00  0.851347E+00  0.853253E+00  0.855158E+00  0.857064E+00
  0.858970E+00  0.860876E+00  0.862782E+00  0.864687E+00  0.866593E+00
  0.868499E+00  0.870405E+00  0.872311E+00  0.874216E+00  0.876122E+00
  0.878028E+00  0.879934E+00  0.881840E+00  0.883745E+00  0.885651E+00
  0.887557E+00  0.889463E+00  0.891369E+00  0.893275E+00  0.895180E+00
  0.897086E+00  0.898992E+00  0.900898E+00  0.902804E+00  0.904709E+00
  0.906615E+00  0.908521E+00  0.910427E+00  0.912333E+00  0.914238E+00
  0.916144E+00  0.918050E+00  0.919956E+00  0.921862E+00  0.923768E+00
  0.925673E+00  0.927579E+00  0.929485E+00  0.931391E+00  0.933297E+00
  0.935202E+00  0.937108E+00  0.939014E+00  0.940920E+00  0.942826E+00
  0.944731E+00  0.946637E+00  0.948543E+00  0.950449E+00  0.952355E+00
  0.954261E+00  0.956166E+00  0.958072E+00  0.959978E+00  0.961884E+00
  0.963790E+00  0.965695E+00  0.967601E+00  0.969507E+00  0.971413E+00
  0.973319E+00  0.975224E+00  0.977130E+00  0.979036E+00  0.980942E+00
  0.982848E+00  0.984754E+00  0.986659E+00  0.988565E+00  0.990471E+00
  0.992377E+00  0.994283E+00  0.996188E+00  0.998094E+00  0.100000E+01
