  0.200000E+01  0.213745E+01  0.228435E+01  0.244134E+01  0.260912E+01  0.278843E+01  0.298007E+01  0.318487E+01  0.340375E+01  0.363767E+01
  0.388767E+01  0.415485E+01  0.444040E+01  0.474556E+01  0.507170E+01  0.542025E+01  0.579276E+01  0.619087E+01  0.661634E+01  0.707104E+01
  0.755700E+01  0.807636E+01  0.863140E+01  0.922460E+01  0.985856E+01  0.105361E+02  0.112602E+02  0.120340E+02  0.128611E+02  0.137450E+02
  0.146896E+02  0.156991E+02  0.167780E+02  0.179311E+02  0.191634E+02  0.204804E+02  0.218879E+02  0.233922E+02  0.249998E+02  0.267179E+02
  0.285541E+02  0.305165E+02  0.326138E+02  0.348551E+02  0.372506E+02  0.398106E+02  0.425466E+02  0.454706E+02  0.485956E+02  0.519353E+02
  0.555046E+02  0.593191E+02  0.633958E+02  0.677527E+02  0.724090E+02  0.773853E+02  0.827036E+02  0.883874E+02  0.944618E+02  0.100954E+03
  0.107892E+03  0.115307E+03  0.123231E+03  0.131700E+03  0.140751E+03  0.150424E+03  0.160762E+03  0.171811E+03  0.183618E+03  0.196238E+03
  0.209724E+03  0.224137E+03  0.239541E+03  0.256004E+03  0.273597E+03  0.292400E+03  0.312496E+03  0.333972E+03  0.356924E+03  0.381454E+03
  0.407669E+03  0.435686E+03  0.465629E+03  0.497629E+03  0.531829E+03  0.568379E+03  0.607440E+03  0.649187E+03  0.693802E+03  0.741484E+03
  0.792442E+03  0.846903E+03  0.905106E+03  0.967310E+03  0.103379E+04  0.110484E+04  0.118076E+04  0.126191E+04  0.134864E+04  0.144132E+04
  0.154038E+04  0.164624E+04  0.175938E+04  0.188029E+04  0.200951E+04  0.214762E+04  0.229521E+04  0.245295E+04  0.262153E+04  0.280170E+04
  0.299424E+04  0.320002E+04  0.341994E+04  0.365498E+04  0.390617E+04  0.417462E+04  0.446152E+04  0.476814E+04  0.509583E+04  0.544604E+04
  0.582032E+04  0.622032E+04  0.664781E+04  0.710468E+04  0.759295E+04  0.811478E+04  0.867247E+04  0.926848E+04  0.990546E+04  0.105862E+05
  0.113137E+05  0.120913E+05  0.129223E+05  0.138103E+05  0.147595E+05  0.157738E+05  0.168579E+05  0.180164E+05  0.192546E+05  0.205779E+05
  0.219921E+05  0.235035E+05  0.251188E+05  0.268450E+05  0.286900E+05  0.306617E+05  0.327689E+05  0.350210E+05  0.374278E+05  0.400000E+05
